1457084947 0 0 0 0 0 1 0 0 0 0 0 0 0 0 0 0 0 0 0
1457085982 0 0 0 0 0 2 0 0 0 0 0 0 0 0 0 0 0 0 0
1457086015 0 0 0 0 0 2 0 0 0 0 0 0 1 0 0 0 0 0 0
1457086096 0 0 0 0 0 2 0 0 0 0 0 0 2 0 0 0 0 0 0
1457086162 0 0 0 0 0 2 0 0 0 0 0 0 3 0 0 0 0 0 0
1457086948 0 0 0 0 0 2 0 0 0 1 0 0 3 0 0 0 0 0 0
1457087376 0 0 0 0 0 3 0 0 0 1 0 0 3 0 0 0 0 0 0
1457180471 0 0 0 0 0 3 0 0 1 1 0 0 3 0 0 0 0 0 0
1457181474 0 0 0 0 0 3 0 0 2 1 0 0 3 0 0 0 0 0 0
1457181912 0 0 0 0 0 3 0 0 3 1 0 0 3 0 0 0 0 0 0
1457183095 0 0 0 0 0 3 0 0 4 1 0 0 3 0 0 0 0 0 0
1457191695 0 0 0 0 0 3 0 0 5 1 0 0 3 0 0 0 0 0 0
1457194767 0 0 0 0 0 3 0 0 6 1 0 0 3 0 0 0 0 0 0
1457195547 0 0 0 0 0 3 0 0 7 1 0 0 3 0 0 0 0 0 0
1457266546 0 0 0 0 0 3 0 0 8 1 0 0 3 0 0 0 0 0 0
1457267510 0 0 0 0 0 4 0 0 8 1 0 0 3 0 0 0 0 0 0
1457268296 0 0 0 0 0 4 0 0 8 1 1 0 3 0 0 0 0 0 0
1457268696 0 0 0 0 0 4 0 0 8 1 1 0 3 0 0 0 0 1 0
1457268728 0 0 0 0 0 4 0 0 8 1 1 0 3 0 0 0 0 2 0
1457269290 0 0 0 0 0 5 0 0 8 1 1 0 3 0 0 0 0 2 0
1457269301 0 0 0 0 0 6 0 0 8 1 1 0 3 0 0 0 0 2 0
1457270970 0 0 0 0 0 6 0 0 8 2 1 0 3 0 0 0 0 2 0
1457271884 0 0 0 0 0 7 0 0 8 2 1 0 3 0 0 0 0 2 0
1457271972 0 0 0 0 0 7 0 0 9 2 1 0 3 0 0 0 0 2 0
1457271985 0 0 0 0 0 7 0 0 10 2 1 0 3 0 0 0 0 2 0
1457272727 0 0 0 0 0 8 0 0 10 2 1 0 3 0 0 0 0 2 0
1457274744 0 0 0 0 0 8 0 0 11 2 1 0 3 0 0 0 0 2 0
1457274813 0 0 0 0 0 9 0 0 11 2 1 0 3 0 0 0 0 2 0
1457275117 0 0 0 0 0 9 0 0 12 2 1 0 3 0 0 0 0 2 0
1457275233 0 0 0 0 0 10 0 0 12 2 1 0 3 0 0 0 0 2 0
1457277569 0 0 0 0 0 10 0 0 12 3 1 0 3 0 0 0 0 2 0
1457277764 0 0 0 0 0 10 0 0 12 4 1 0 3 0 0 0 0 2 0
1457278814 0 0 0 0 0 11 0 0 12 4 1 0 3 0 0 0 0 2 0
1457281327 0 0 0 0 0 12 0 0 12 4 1 0 3 0 0 0 0 2 0
1457281466 0 0 0 0 0 13 0 0 12 4 1 0 3 0 0 0 0 2 0
1457281691 0 0 0 0 0 14 0 0 12 4 1 0 3 0 0 0 0 2 0
1457281807 0 0 0 0 0 15 0 0 12 4 1 0 3 0 0 0 0 2 0
1457281903 0 0 0 0 0 15 0 0 13 4 1 0 3 0 0 0 0 2 0
1457282120 0 0 0 0 0 16 0 0 13 4 1 0 3 0 0 0 0 2 0
1457283618 0 0 0 0 0 17 0 0 13 4 1 0 3 0 0 0 0 2 0
1457283892 0 0 0 0 0 17 0 0 14 4 1 0 3 0 0 0 0 2 0
1457284536 0 0 0 0 0 17 0 0 15 4 1 0 3 0 0 0 0 2 0
1457284633 0 0 0 0 0 18 0 0 15 4 1 0 3 0 0 0 0 2 0
1457284677 0 0 0 0 0 19 0 0 15 4 1 0 3 0 0 0 0 2 0
1457285174 0 0 0 0 0 19 0 0 16 4 1 0 3 0 0 0 0 2 0
1457285190 0 0 0 0 0 20 0 0 16 4 1 0 3 0 0 0 0 2 0
1457285419 0 0 0 0 0 21 0 0 16 4 1 0 3 0 0 0 0 2 0
1457287591 0 0 0 0 0 21 0 0 16 4 2 0 3 0 0 0 0 2 0
1457287598 0 0 0 0 0 21 0 0 16 4 3 0 3 0 0 0 0 2 0
1457288767 0 0 0 0 0 21 0 0 17 4 3 0 3 0 0 0 0 2 0
1457288819 0 0 0 0 0 21 0 0 18 4 3 0 3 0 0 0 0 2 0
1457288937 0 0 0 0 0 22 0 0 18 4 3 0 3 0 0 0 0 2 0
1457289139 0 0 0 0 0 23 0 0 18 4 3 0 3 0 0 0 0 2 0
1457289435 0 0 0 0 0 24 0 0 18 4 3 0 3 0 0 0 0 2 0
1457291054 0 0 0 0 0 25 0 0 18 4 3 0 3 0 0 0 0 2 0
1457346001 0 0 0 0 0 25 0 0 19 4 3 0 3 0 0 0 0 2 0
1457348108 0 0 0 0 0 26 0 0 19 4 3 0 3 0 0 0 0 2 0
1457348180 0 0 0 0 0 26 0 0 20 4 3 0 3 0 0 0 0 2 0
1457348247 0 0 0 0 0 26 0 0 21 4 3 0 3 0 0 0 0 2 0
1457349153 0 0 0 0 0 27 0 0 21 4 3 0 3 0 0 0 0 2 0
1457349180 0 0 0 0 0 28 0 0 21 4 3 0 3 0 0 0 0 2 0
1457350667 0 0 0 0 0 29 0 0 21 4 3 0 3 0 0 0 0 2 0
1457350977 0 0 0 0 0 29 0 0 22 4 3 0 3 0 0 0 0 2 0
1457351004 0 0 0 0 0 29 0 0 23 4 3 0 3 0 0 0 0 2 0
1457352099 0 0 0 0 0 29 0 0 24 4 3 0 3 0 0 0 0 2 0
1457352305 0 0 0 0 0 30 0 0 24 4 3 0 3 0 0 0 0 2 0
1457352329 0 0 0 0 0 31 0 0 24 4 3 0 3 0 0 0 0 2 0
1457354139 0 0 0 0 0 31 0 0 25 4 3 0 3 0 0 0 0 2 0
1457354996 0 0 0 0 0 31 0 0 26 4 3 0 3 0 0 0 0 2 0
1457355004 0 0 0 0 0 32 0 0 26 4 3 0 3 0 0 0 0 2 0
1457355025 0 0 0 0 0 33 0 0 26 4 3 0 3 0 0 0 0 2 0
1457356620 0 0 0 0 0 34 0 0 26 4 3 0 3 0 0 0 0 2 0
1457356687 0 0 0 0 0 35 0 0 26 4 3 0 3 0 0 0 0 2 0
1457357193 0 0 0 0 0 35 0 0 27 4 3 0 3 0 0 0 0 2 0
1457357295 0 0 0 0 0 36 0 0 27 4 3 0 3 0 0 0 0 2 0
1457357345 0 0 0 0 0 37 0 0 27 4 3 0 3 0 0 0 0 2 0
1457358093 0 0 0 0 0 37 0 0 27 4 3 0 3 1 0 0 0 2 0
1457358415 0 0 0 0 0 37 0 0 27 4 3 0 3 2 0 0 0 2 0
1457358447 0 0 0 0 0 37 0 0 27 4 3 0 3 3 0 0 0 2 0
1457360489 0 0 0 0 0 37 0 0 27 4 3 0 3 4 0 0 0 2 0
1457360689 0 0 0 0 0 37 0 0 27 4 3 0 3 5 0 0 0 2 0
1457363268 0 0 0 0 0 37 0 0 27 4 3 0 3 6 0 0 0 2 0
1457363322 0 0 0 0 1 37 0 0 27 4 3 0 3 6 0 0 0 2 0
1457363344 0 0 0 0 2 37 0 0 27 4 3 0 3 6 0 0 0 2 0
1457363630 0 0 0 0 2 37 0 0 27 4 3 0 3 7 0 0 0 2 0
1457363655 0 0 0 0 2 37 0 0 27 4 3 0 3 8 0 0 0 2 0
1457364732 0 0 0 0 2 37 0 0 28 4 3 0 3 8 0 0 0 2 0
1457364779 0 0 0 0 2 37 0 0 29 4 3 0 3 8 0 0 0 2 0
1457365166 0 0 0 0 2 38 0 0 29 4 3 0 3 8 0 0 0 2 0
1457365318 0 0 0 0 2 38 0 0 29 4 3 0 3 9 0 0 0 2 0
1457365333 0 0 0 0 2 38 0 0 29 4 3 0 3 10 0 0 0 2 0
1457365391 0 0 0 0 2 39 0 0 29 4 3 0 3 10 0 0 0 2 0
1457365406 0 0 0 0 2 40 0 0 29 4 3 0 3 10 0 0 0 2 0
1457365484 0 0 0 0 2 40 0 0 29 4 3 0 3 11 0 0 0 2 0
1457365501 0 0 0 0 2 40 0 0 29 4 3 0 3 12 0 0 0 2 0
1457365714 0 0 0 0 2 40 0 0 29 4 3 0 3 13 0 0 0 2 0
1457365993 0 0 0 0 2 41 0 0 29 4 3 0 3 13 0 0 0 2 0
1457366157 0 0 0 0 2 42 0 0 29 4 3 0 3 13 0 0 0 2 0
1457366216 0 0 0 0 2 42 0 0 30 4 3 0 3 13 0 0 0 2 0
1457366223 0 0 0 0 2 42 0 0 31 4 3 0 3 13 0 0 0 2 0
1457366399 0 0 0 0 2 42 0 0 31 4 3 0 3 14 0 0 0 2 0
1457367098 0 0 0 0 2 43 0 0 31 4 3 0 3 14 0 0 0 2 0
1457367139 0 0 0 0 2 44 0 0 31 4 3 0 3 14 0 0 0 2 0
1457367868 0 0 0 0 2 45 0 0 31 4 3 0 3 14 0 0 0 2 0
1457368174 1 0 0 0 2 45 0 0 31 4 3 0 3 14 0 0 0 2 0
1457368190 2 0 0 0 2 45 0 0 31 4 3 0 3 14 0 0 0 2 0
1457368377 2 0 0 0 2 46 0 0 31 4 3 0 3 14 0 0 0 2 0
1457368432 2 0 0 0 2 47 0 0 31 4 3 0 3 14 0 0 0 2 0
1457368898 3 0 0 0 2 47 0 0 31 4 3 0 3 14 0 0 0 2 0
1457370278 4 0 0 0 2 47 0 0 31 4 3 0 3 14 0 0 0 2 0
1457370301 5 0 0 0 2 47 0 0 31 4 3 0 3 14 0 0 0 2 0
1457384501 5 0 0 0 2 48 0 0 31 4 3 0 3 14 0 0 0 2 0
1457427314 6 0 0 0 2 48 0 0 31 4 3 0 3 14 0 0 0 2 0
1457428119 7 0 0 0 2 48 0 0 31 4 3 0 3 14 0 0 0 2 0
1457432422 8 0 0 0 2 48 0 0 31 4 3 0 3 14 0 0 0 2 0
1457433413 9 0 0 0 2 48 0 0 31 4 3 0 3 14 0 0 0 2 0
1457433615 9 0 0 0 2 48 0 0 31 4 4 0 3 14 0 0 0 2 0
1457433626 9 0 0 0 2 48 0 0 31 4 5 0 3 14 0 0 0 2 0
1457433751 10 0 0 0 2 48 0 0 31 4 5 0 3 14 0 0 0 2 0
1457434689 11 0 0 0 2 48 0 0 31 4 5 0 3 14 0 0 0 2 0
1457435147 11 0 0 0 2 48 0 1 31 4 5 0 3 14 0 0 0 2 0
1457435411 11 0 0 0 2 48 0 1 32 4 5 0 3 14 0 0 0 2 0
1457435547 12 0 0 0 2 48 0 1 32 4 5 0 3 14 0 0 0 2 0
1457435563 12 0 0 0 2 48 0 1 33 4 5 0 3 14 0 0 0 2 0
1457435602 12 0 0 0 2 48 0 1 34 4 5 0 3 14 0 0 0 2 0
1457435733 12 0 0 0 2 49 0 1 34 4 5 0 3 14 0 0 0 2 0
1457435767 13 0 0 0 2 49 0 1 34 4 5 0 3 14 0 0 0 2 0
1457436020 13 0 0 0 2 49 0 1 34 5 5 0 3 14 0 0 0 2 0
1457436121 13 0 0 0 2 50 0 1 34 5 5 0 3 14 0 0 0 2 0
1457436130 13 0 0 0 2 50 0 1 35 5 5 0 3 14 0 0 0 2 0
1457436198 13 0 0 0 2 50 0 1 36 5 5 0 3 14 0 0 0 2 0
1457436392 13 0 0 0 2 51 0 1 36 5 5 0 3 14 0 0 0 2 0
1457436431 14 0 0 0 2 51 0 1 36 5 5 0 3 14 0 0 0 2 0
1457436524 14 0 0 0 2 52 0 1 36 5 5 0 3 14 0 0 0 2 0
1457436565 15 0 0 0 2 52 0 1 36 5 5 0 3 14 0 0 0 2 0
1457436616 15 0 0 0 2 53 0 1 36 5 5 0 3 14 0 0 0 2 0
1457436664 15 0 0 0 2 53 0 1 37 5 5 0 3 14 0 0 0 2 0
1457436703 15 0 0 0 2 53 0 1 38 5 5 0 3 14 0 0 0 2 0
1457438045 15 0 0 0 2 54 0 1 38 5 5 0 3 14 0 0 0 2 0
1457438067 15 0 0 0 2 54 0 1 39 5 5 0 3 14 0 0 0 2 0
1457438069 15 0 0 0 2 55 0 1 39 5 5 0 3 14 0 0 0 2 0
1457438126 15 0 0 0 2 55 0 1 40 5 5 0 3 14 0 0 0 2 0
1457438260 15 0 0 0 2 55 0 1 41 5 5 0 3 14 0 0 0 2 0
1457438409 16 0 0 0 2 55 0 1 41 5 5 0 3 14 0 0 0 2 0
1457439104 16 0 0 0 2 55 0 1 42 5 5 0 3 14 0 0 0 2 0
1457439132 16 0 0 0 2 55 0 1 43 5 5 0 3 14 0 0 0 2 0
1457441003 16 0 0 0 3 55 0 1 43 5 5 0 3 14 0 0 0 2 0
1457441448 17 0 0 0 3 55 0 1 43 5 5 0 3 14 0 0 0 2 0
1457441461 18 0 0 0 3 55 0 1 43 5 5 0 3 14 0 0 0 2 0
1457441629 18 0 0 0 3 56 0 1 43 5 5 0 3 14 0 0 0 2 0
1457441658 18 0 0 0 3 57 0 1 43 5 5 0 3 14 0 0 0 2 0
1457442841 18 0 0 0 3 57 0 1 44 5 5 0 3 14 0 0 0 2 0
1457442901 19 0 0 0 3 57 0 1 44 5 5 0 3 14 0 0 0 2 0
1457442914 20 0 0 0 3 57 0 1 44 5 5 0 3 14 0 0 0 2 0
1457443510 21 0 0 0 3 57 0 1 44 5 5 0 3 14 0 0 0 2 0
1457443555 22 0 0 0 3 57 0 1 44 5 5 0 3 14 0 0 0 2 0
1457443566 22 0 0 0 3 57 0 1 45 5 5 0 3 14 0 0 0 2 0
1457443601 22 0 0 0 3 57 0 1 46 5 5 0 3 14 0 0 0 2 0
1457443956 22 0 0 0 3 57 0 2 46 5 5 0 3 14 0 0 0 2 0
1457445728 22 0 0 1 3 57 0 2 46 5 5 0 3 14 0 0 0 2 0
1457446130 22 0 0 1 3 58 0 2 46 5 5 0 3 14 0 0 0 2 0
1457446161 22 0 0 1 3 59 0 2 46 5 5 0 3 14 0 0 0 2 0
1457446871 22 0 0 1 3 59 0 2 46 5 6 0 3 14 0 0 0 2 0
1457447097 22 0 0 1 3 59 0 2 46 6 6 0 3 14 0 0 0 2 0
1457447176 22 0 0 1 3 59 0 2 46 7 6 0 3 14 0 0 0 2 0
1457447308 22 0 0 1 3 60 0 2 46 7 6 0 3 14 0 0 0 2 0
1457447342 22 0 0 1 3 61 0 2 46 7 6 0 3 14 0 0 0 2 0
1457447346 22 0 0 1 3 61 0 2 46 8 6 0 3 14 0 0 0 2 0
1457447394 22 0 0 1 3 62 0 2 46 8 6 0 3 14 0 0 0 2 0
1457447502 22 0 0 1 3 62 0 2 46 8 7 0 3 14 0 0 0 2 0
1457447937 23 0 0 1 3 62 0 2 46 8 7 0 3 14 0 0 0 2 0
1457447964 24 0 0 1 3 62 0 2 46 8 7 0 3 14 0 0 0 2 0
1457447983 25 0 0 1 3 62 0 2 46 8 7 0 3 14 0 0 0 2 0
1457448710 25 0 0 1 3 62 0 2 46 8 8 0 3 14 0 0 0 2 0
1457448971 25 0 0 1 3 62 0 2 46 8 9 0 3 14 0 0 0 2 0
1457449465 26 0 0 1 3 62 0 2 46 8 9 0 3 14 0 0 0 2 0
1457449501 26 0 0 1 3 62 0 2 46 8 10 0 3 14 0 0 0 2 0
1457450839 26 0 0 1 3 63 0 2 46 8 10 0 3 14 0 0 0 2 0
1457455056 26 0 0 1 3 63 0 2 46 8 10 0 3 14 1 0 0 2 0
1457456967 26 0 0 2 3 63 0 2 46 8 10 0 3 14 1 0 0 2 0
1457456992 26 0 0 3 3 63 0 2 46 8 10 0 3 14 1 0 0 2 0
1457460701 26 0 0 3 3 64 0 2 46 8 10 0 3 14 1 0 0 2 0
1457461252 27 0 0 3 3 64 0 2 46 8 10 0 3 14 1 0 0 2 0
1457461264 28 0 0 3 3 64 0 2 46 8 10 0 3 14 1 0 0 2 0
1457467612 28 0 0 3 3 64 0 2 46 8 11 0 3 14 1 0 0 2 0
1457517191 28 0 0 4 3 64 0 2 46 8 11 0 3 14 1 0 0 2 0
1457517267 28 0 0 5 3 64 0 2 46 8 11 0 3 14 1 0 0 2 0
1457523533 28 0 0 5 3 64 0 3 46 8 11 0 3 14 1 0 0 2 0
1457524531 28 0 0 5 3 64 0 4 46 8 11 0 3 14 1 0 0 2 0
1457525012 28 0 0 6 3 64 0 4 46 8 11 0 3 14 1 0 0 2 0
1457525039 28 0 0 7 3 64 0 4 46 8 11 0 3 14 1 0 0 2 0
1457525219 28 0 0 7 3 64 0 5 46 8 11 0 3 14 1 0 0 2 0
1457526072 28 0 0 8 3 64 0 5 46 8 11 0 3 14 1 0 0 2 0
1457526141 28 0 0 8 3 65 0 5 46 8 11 0 3 14 1 0 0 2 0
1457527990 28 0 0 9 3 65 0 5 46 8 11 0 3 14 1 0 0 2 0
1457528332 28 0 0 10 3 65 0 5 46 8 11 0 3 14 1 0 0 2 0
1457532604 28 0 0 10 3 66 0 5 46 8 11 0 3 14 1 0 0 2 0
1457532899 28 0 0 10 3 66 0 5 46 8 12 0 3 14 1 0 0 2 0
1457533054 28 0 0 10 3 66 0 6 46 8 12 0 3 14 1 0 0 2 0
1457533355 28 0 0 10 3 66 0 6 46 9 12 0 3 14 1 0 0 2 0
1457534006 28 0 0 10 3 67 0 6 46 9 12 0 3 14 1 0 0 2 0
1457534023 28 1 0 10 3 67 0 6 46 9 12 0 3 14 1 0 0 2 0
1457534752 28 1 0 10 3 67 0 7 46 9 12 0 3 14 1 0 0 2 0
1457535023 28 1 0 10 3 67 0 8 46 9 12 0 3 14 1 0 0 2 0
1457535292 28 1 0 10 3 67 0 8 46 10 12 0 3 14 1 0 0 2 0
1457535317 28 1 0 10 3 67 0 8 46 11 12 0 3 14 1 0 0 2 0
1457535842 28 1 0 10 3 67 0 8 46 11 13 0 3 14 1 0 0 2 0
1457535992 28 1 0 10 3 67 0 8 46 12 13 0 3 14 1 0 0 2 0
1457536681 28 1 0 10 3 67 0 8 46 12 13 0 3 14 1 0 1 2 0
1457536731 28 1 0 10 3 67 0 8 46 12 13 0 3 14 1 0 2 2 0
1457536921 28 2 0 10 3 67 0 8 46 12 13 0 3 14 1 0 2 2 0
1457536945 28 3 0 10 3 67 0 8 46 12 13 0 3 14 1 0 2 2 0
1457537060 28 4 0 10 3 67 0 8 46 12 13 0 3 14 1 0 2 2 0
1457537993 29 4 0 10 3 67 0 8 46 12 13 0 3 14 1 0 2 2 0
1457538769 29 4 0 11 3 67 0 8 46 12 13 0 3 14 1 0 2 2 0
1457538796 29 4 0 12 3 67 0 8 46 12 13 0 3 14 1 0 2 2 0
1457538916 29 4 0 12 4 67 0 8 46 12 13 0 3 14 1 0 2 2 0
1457539213 29 4 0 12 4 67 0 8 46 12 14 0 3 14 1 0 2 2 0
1457539287 29 4 0 13 4 67 0 8 46 12 14 0 3 14 1 0 2 2 0
1457539293 29 4 0 13 4 67 0 8 46 13 14 0 3 14 1 0 2 2 0
1457539395 29 4 0 13 4 67 0 8 46 13 15 0 3 14 1 0 2 2 0
1457539463 29 4 0 13 4 67 0 8 46 13 16 0 3 14 1 0 2 2 0
1457539570 29 4 0 13 4 67 0 8 46 14 16 0 3 14 1 0 2 2 0
1457540705 29 4 0 13 4 67 0 9 46 14 16 0 3 14 1 0 2 2 0
1457540860 29 4 0 13 4 67 0 9 46 15 16 0 3 14 1 0 2 2 0
1457541196 29 4 0 13 4 67 0 9 46 16 16 0 3 14 1 0 2 2 0
1457541460 30 4 0 13 4 67 0 9 46 16 16 0 3 14 1 0 2 2 0
1457541470 31 4 0 13 4 67 0 9 46 16 16 0 3 14 1 0 2 2 0
1457543414 31 4 0 13 4 67 0 10 46 16 16 0 3 14 1 0 2 2 0
1457544733 31 4 0 13 4 67 0 10 46 17 16 0 3 14 1 0 2 2 0
1457546792 31 4 0 13 4 67 0 10 46 17 16 1 3 14 1 0 2 2 0
1457547549 31 4 0 13 4 67 0 10 46 17 16 2 3 14 1 0 2 2 0
1457548139 31 4 0 13 4 67 0 10 46 17 16 3 3 14 1 0 2 2 0
1457550663 31 4 0 13 5 67 0 10 46 17 16 3 3 14 1 0 2 2 0
1457552329 31 4 0 13 5 67 0 11 46 17 16 3 3 14 1 0 2 2 0
1457553737 32 4 0 13 5 67 0 11 46 17 16 3 3 14 1 0 2 2 0
1457555616 32 4 0 13 6 67 0 11 46 17 16 3 3 14 1 0 2 2 0
1457555634 32 4 0 13 7 67 0 11 46 17 16 3 3 14 1 0 2 2 0
1457556299 32 4 0 13 7 67 0 11 46 17 17 3 3 14 1 0 2 2 0
1457556594 32 4 0 13 7 67 0 11 46 17 18 3 3 14 1 0 2 2 0
1457559296 32 4 0 13 8 67 0 11 46 17 18 3 3 14 1 0 2 2 0
1457559577 33 4 0 13 8 67 0 11 46 17 18 3 3 14 1 0 2 2 0
1457560605 33 4 0 13 8 67 0 11 46 17 19 3 3 14 1 0 2 2 0
1457560639 33 4 0 13 8 67 0 11 46 17 20 3 3 14 1 0 2 2 0
1457597659 33 4 0 13 8 67 0 11 46 18 20 3 3 14 1 0 2 2 0
1457598137 33 4 0 13 8 67 0 11 46 19 20 3 3 14 1 0 2 2 0
1457598580 33 4 0 13 8 67 0 11 46 20 20 3 3 14 1 0 2 2 0
1457602016 33 4 0 14 8 67 0 11 46 20 20 3 3 14 1 0 2 2 0
1457602081 33 4 0 14 8 67 0 11 46 21 20 3 3 14 1 0 2 2 0
1457602114 33 4 0 14 8 67 0 11 46 22 20 3 3 14 1 0 2 2 0
1457602135 33 4 0 14 8 67 0 11 46 23 20 3 3 14 1 0 2 2 0
1457602249 33 4 0 15 8 67 0 11 46 23 20 3 3 14 1 0 2 2 0
1457602371 33 4 0 16 8 67 0 11 46 23 20 3 3 14 1 0 2 2 0
1457603401 33 4 0 16 9 67 0 11 46 23 20 3 3 14 1 0 2 2 0
1457603469 33 4 0 16 10 67 0 11 46 23 20 3 3 14 1 0 2 2 0
1457603474 33 4 0 16 11 67 0 11 46 23 20 3 3 14 1 0 2 2 0
1457603679 33 4 0 16 11 67 0 11 46 24 20 3 3 14 1 0 2 2 0
1457603689 33 4 0 16 11 67 0 11 46 25 20 3 3 14 1 0 2 2 0
1457603809 33 4 0 17 11 67 0 11 46 25 20 3 3 14 1 0 2 2 0
1457604362 33 4 0 17 11 67 0 11 46 26 20 3 3 14 1 0 2 2 0
1457604490 33 4 0 17 11 67 0 11 46 27 20 3 3 14 1 0 2 2 0
1457604544 33 4 0 17 11 67 0 12 46 27 20 3 3 14 1 0 2 2 0
1457604669 33 4 0 18 11 67 0 12 46 27 20 3 3 14 1 0 2 2 0
1457604812 33 4 0 19 11 67 0 12 46 27 20 3 3 14 1 0 2 2 0
1457604872 33 4 0 20 11 67 0 12 46 27 20 3 3 14 1 0 2 2 0
1457605263 33 4 0 20 11 67 0 13 46 27 20 3 3 14 1 0 2 2 0
1457605337 33 4 0 20 11 67 0 13 46 27 21 3 3 14 1 0 2 2 0
1457605570 33 4 0 20 11 67 0 13 46 27 22 3 3 14 1 0 2 2 0
1457605631 33 4 0 20 11 67 0 13 46 27 23 3 3 14 1 0 2 2 0
1457605750 33 4 0 20 11 67 0 13 46 27 23 3 3 14 2 0 2 2 0
1457605896 33 4 0 20 11 67 0 13 46 27 23 3 3 14 3 0 2 2 0
1457606798 33 4 0 20 11 67 0 13 46 28 23 3 3 14 3 0 2 2 0
1457606804 33 4 0 20 11 67 0 13 46 29 23 3 3 14 3 0 2 2 0
1457607019 33 4 0 20 11 67 0 13 46 30 23 3 3 14 3 0 2 2 0
1457607150 33 4 0 20 11 67 0 13 46 30 24 3 3 14 3 0 2 2 0
1457607168 33 4 0 20 11 67 0 13 46 30 24 3 3 14 4 0 2 2 0
1457607181 33 4 0 20 11 67 0 13 46 30 24 3 3 14 5 0 2 2 0
1457607229 33 4 0 20 11 67 0 13 46 31 24 3 3 14 5 0 2 2 0
1457607776 33 4 0 20 11 67 0 13 46 32 24 3 3 14 5 0 2 2 0
1457607783 33 4 0 20 11 67 0 13 46 33 24 3 3 14 5 0 2 2 0
1457608589 33 4 0 20 11 67 0 13 46 33 24 4 3 14 5 0 2 2 0
1457608617 33 4 0 20 11 67 0 13 46 33 24 5 3 14 5 0 2 2 0
1457608783 33 4 0 20 11 67 0 13 46 33 24 6 3 14 5 0 2 2 0
1457613780 33 4 0 20 11 67 0 13 46 33 24 7 3 14 5 0 2 2 0
1457615973 33 4 0 20 11 67 0 13 46 33 24 8 3 14 5 0 2 2 0
1457616102 33 4 0 21 11 67 0 13 46 33 24 8 3 14 5 0 2 2 0
1457616130 33 4 0 22 11 67 0 13 46 33 24 8 3 14 5 0 2 2 0
1457616834 33 5 0 22 11 67 0 13 46 33 24 8 3 14 5 0 2 2 0
1457618053 33 5 0 22 11 67 0 14 46 33 24 8 3 14 5 0 2 2 0
1457618809 33 6 0 22 11 67 0 14 46 33 24 8 3 14 5 0 2 2 0
1457618833 33 7 0 22 11 67 0 14 46 33 24 8 3 14 5 0 2 2 0
1457621039 33 7 0 23 11 67 0 14 46 33 24 8 3 14 5 0 2 2 0
1457623099 33 7 0 23 11 67 0 14 46 33 25 8 3 14 5 0 2 2 0
1457624745 33 7 0 23 11 67 0 15 46 33 25 8 3 14 5 0 2 2 0
1457624817 33 7 0 23 11 67 0 15 46 33 26 8 3 14 5 0 2 2 0
1457624843 33 7 0 23 11 67 0 15 46 33 27 8 3 14 5 0 2 2 0
1457628024 33 7 0 23 11 67 0 15 46 33 28 8 3 14 5 0 2 2 0
1457629551 33 7 0 23 11 67 0 15 46 33 29 8 3 14 5 0 2 2 0
1457632874 33 7 0 23 11 67 0 15 46 33 30 8 3 14 5 0 2 2 0
1457640723 33 7 0 23 12 67 0 15 46 33 30 8 3 14 5 0 2 2 0
1457645569 33 7 0 23 13 67 0 15 46 33 30 8 3 14 5 0 2 2 0
1457656404 33 7 0 23 14 67 0 15 46 33 30 8 3 14 5 0 2 2 0
1457658794 33 7 0 23 15 67 0 15 46 33 30 8 3 14 5 0 2 2 0
1457661429 33 7 0 23 16 67 0 15 46 33 30 8 3 14 5 0 2 2 0
1457664144 33 7 0 23 17 67 0 15 46 33 30 8 3 14 5 0 2 2 0
1457692626 33 7 0 23 18 67 0 15 46 33 30 8 3 14 5 0 2 2 0
1457692768 34 7 0 23 18 67 0 15 46 33 30 8 3 14 5 0 2 2 0
1457692773 35 7 0 23 18 67 0 15 46 33 30 8 3 14 5 0 2 2 0
1457692844 35 7 0 24 18 67 0 15 46 33 30 8 3 14 5 0 2 2 0
1457692864 35 7 0 25 18 67 0 15 46 33 30 8 3 14 5 0 2 2 0
1457693100 36 7 0 25 18 67 0 15 46 33 30 8 3 14 5 0 2 2 0
1457693369 36 7 0 25 18 67 0 16 46 33 30 8 3 14 5 0 2 2 0
1457693753 37 7 0 25 18 67 0 16 46 33 30 8 3 14 5 0 2 2 0
1457693761 38 7 0 25 18 67 0 16 46 33 30 8 3 14 5 0 2 2 0
1457693891 38 7 0 25 19 67 0 16 46 33 30 8 3 14 5 0 2 2 0
1457693898 48 7 0 25 20 67 0 16 46 33 30 8 3 14 5 0 2 2 0
1457695233 49 7 0 25 20 67 0 16 46 33 30 8 3 14 5 0 2 2 0
1457696636 49 7 0 26 20 67 0 16 46 33 30 8 3 14 5 0 2 2 0
1457696666 49 7 0 27 20 67 0 16 46 33 30 8 3 14 5 0 2 2 0
1457696743 49 7 0 27 21 67 0 16 46 33 30 8 3 14 5 0 2 2 0
1457696799 49 7 0 27 22 67 0 16 46 33 30 8 3 14 5 0 2 2 0
1457697392 49 7 0 28 22 67 0 16 46 33 30 8 3 14 5 0 2 2 0
1457697423 49 7 0 29 22 67 0 16 46 33 30 8 3 14 5 0 2 2 0
1457699583 49 7 0 29 23 67 0 16 46 33 30 8 3 14 5 0 2 2 0
1457700126 49 7 0 29 23 67 0 16 46 33 30 8 3 14 6 0 2 2 0
1457701945 49 7 0 29 23 67 0 16 46 34 30 8 3 14 6 0 2 2 0
1457701950 49 7 0 29 23 67 0 16 46 35 30 8 3 14 6 0 2 2 0
1457702127 49 7 0 29 24 67 0 16 46 35 30 8 3 14 6 0 2 2 0
1457702165 49 7 0 29 25 67 0 16 46 35 30 8 3 14 6 0 2 2 0
1457702512 50 7 0 29 25 67 0 16 46 35 30 8 3 14 6 0 2 2 0
1457702552 50 7 0 29 26 67 0 16 46 35 30 8 3 14 6 0 2 2 0
1457702852 51 7 0 29 26 67 0 16 46 35 30 8 3 14 6 0 2 2 0
1457703452 52 7 0 29 26 67 0 16 46 35 30 8 3 14 6 0 2 2 0
1457703573 52 7 0 29 27 67 0 16 46 35 30 8 3 14 6 0 2 2 0
1457703856 52 7 0 29 28 67 0 16 46 35 30 8 3 14 6 0 2 2 0
1457704377 53 7 0 29 28 67 0 16 46 35 30 8 3 14 6 0 2 2 0
1457782678 53 7 0 29 28 67 0 17 46 35 30 8 3 14 6 0 2 2 0
1457788396 53 7 0 29 28 67 0 17 46 35 31 8 3 14 6 0 2 2 0
1457788506 53 7 0 29 28 67 0 18 46 35 31 8 3 14 6 0 2 2 0
1457788546 53 7 0 29 28 67 0 19 46 35 31 8 3 14 6 0 2 2 0
1457788618 53 7 0 29 29 67 0 19 46 35 31 8 3 14 6 0 2 2 0
1457790042 53 7 0 29 29 67 0 20 46 35 31 8 3 14 6 0 2 2 0
1457790127 53 7 0 29 29 67 0 21 46 35 31 8 3 14 6 0 2 2 0
1457791027 53 7 0 29 29 67 0 21 46 35 32 8 3 14 6 0 2 2 0
1457791211 53 7 0 29 30 67 0 21 46 35 32 8 3 14 6 0 2 2 0
1457791815 53 7 0 29 31 67 0 21 46 35 32 8 3 14 6 0 2 2 0
1457792391 53 7 0 29 32 67 0 21 46 35 32 8 3 14 6 0 2 2 0
1457792727 53 7 0 29 32 67 0 22 46 35 32 8 3 14 6 0 2 2 0
1457792884 53 7 0 29 32 67 0 23 46 35 32 8 3 14 6 0 2 2 0
1457793269 53 7 0 29 32 67 0 24 46 35 32 8 3 14 6 0 2 2 0
1457795916 53 7 0 29 33 67 0 24 46 35 32 8 3 14 6 0 2 2 0
1457795998 53 7 0 29 34 67 0 24 46 35 32 8 3 14 6 0 2 2 0
1457797621 53 7 0 29 35 67 0 24 46 35 32 8 3 14 6 0 2 2 0
1457797635 53 7 0 29 36 67 0 24 46 35 32 8 3 14 6 0 2 2 0
1457799202 53 7 0 29 37 67 0 24 46 35 32 8 3 14 6 0 2 2 0
1457872846 54 7 0 29 37 67 0 24 46 35 32 8 3 14 6 0 2 2 0
1457874241 55 7 0 29 37 67 0 24 46 35 32 8 3 14 6 0 2 2 0
1457874436 55 7 0 30 37 67 0 24 46 35 32 8 3 14 6 0 2 2 0
1457874463 55 7 0 31 37 67 0 24 46 35 32 8 3 14 6 0 2 2 0
1457874736 55 8 0 31 37 67 0 24 46 35 32 8 3 14 6 0 2 2 0
1457874754 55 9 0 31 37 67 0 24 46 35 32 8 3 14 6 0 2 2 0
1457875955 55 9 0 31 38 67 0 24 46 35 32 8 3 14 6 0 2 2 0
1457880827 56 9 0 31 38 67 0 24 46 35 32 8 3 14 6 0 2 2 0
1457881273 56 9 0 32 38 67 0 24 46 35 32 8 3 14 6 0 2 2 0
1457881291 56 9 0 33 38 67 0 24 46 35 32 8 3 14 6 0 2 2 0
1457881978 56 9 0 33 38 67 0 24 46 35 33 8 3 14 6 0 2 2 0
1457882201 56 9 0 34 38 67 0 24 46 35 33 8 3 14 6 0 2 2 0
1457882224 56 9 0 35 38 67 0 24 46 35 33 8 3 14 6 0 2 2 0
1457884641 56 9 0 35 39 67 0 24 46 35 33 8 3 14 6 0 2 2 0
1457885076 57 9 0 35 39 67 0 24 46 35 33 8 3 14 6 0 2 2 0
1457885466 57 10 0 35 39 67 0 24 46 35 33 8 3 14 6 0 2 2 0
1457885512 57 11 0 35 39 67 0 24 46 35 33 8 3 14 6 0 2 2 0
1457886359 57 12 0 35 39 67 0 24 46 35 33 8 3 14 6 0 2 2 0
1457886403 58 12 0 35 39 67 0 24 46 35 33 8 3 14 6 0 2 2 0
1457886414 59 12 0 35 39 67 0 24 46 35 33 8 3 14 6 0 2 2 0
1457886902 59 12 0 36 39 67 0 24 46 35 33 8 3 14 6 0 2 2 0
1457886923 59 12 0 37 39 67 0 24 46 35 33 8 3 14 6 0 2 2 0
1457887252 59 12 0 37 40 67 0 24 46 35 33 8 3 14 6 0 2 2 0
1457887302 59 12 0 37 41 67 0 24 46 35 33 8 3 14 6 0 2 2 0
1457887706 59 12 0 37 42 67 0 24 46 35 33 8 3 14 6 0 2 2 0
1457888699 59 13 0 37 42 67 0 24 46 35 33 8 3 14 6 0 2 2 0
1457888724 59 14 0 37 42 67 0 24 46 35 33 8 3 14 6 0 2 2 0
1457893146 59 14 0 38 42 67 0 24 46 35 33 8 3 14 6 0 2 2 0
1457893353 59 14 0 39 42 67 0 24 46 35 33 8 3 14 6 0 2 2 0
1457893630 59 14 0 39 43 67 0 24 46 35 33 8 3 14 6 0 2 2 0
1457893635 59 14 0 39 44 67 0 24 46 35 33 8 3 14 6 0 2 2 0
1457894703 59 14 0 39 45 67 0 24 46 35 33 8 3 14 6 0 2 2 0
1457895492 59 14 0 39 46 67 0 24 46 35 33 8 3 14 6 0 2 2 0
1457896432 59 15 0 39 46 67 0 24 46 35 33 8 3 14 6 0 2 2 0
1457896470 59 16 0 39 46 67 0 24 46 35 33 8 3 14 6 0 2 2 0
1457896636 60 16 0 39 46 67 0 24 46 35 33 8 3 14 6 0 2 2 0
1457896644 61 16 0 39 46 67 0 24 46 35 33 8 3 14 6 0 2 2 0
1457896982 62 16 0 39 46 67 0 24 46 35 33 8 3 14 6 0 2 2 0
1457897485 62 17 0 39 46 67 0 24 46 35 33 8 3 14 6 0 2 2 0
1457897498 62 18 0 39 46 67 0 24 46 35 33 8 3 14 6 0 2 2 0
1457897937 63 18 0 39 46 67 0 24 46 35 33 8 3 14 6 0 2 2 0
1457897952 64 18 0 39 46 67 0 24 46 35 33 8 3 14 6 0 2 2 0
1457897999 65 18 0 39 46 67 0 24 46 35 33 8 3 14 6 0 2 2 0
1457898319 65 18 0 39 47 67 0 24 46 35 33 8 3 14 6 0 2 2 0
1457898325 65 18 0 39 48 67 0 24 46 35 33 8 3 14 6 0 2 2 0
1457898683 65 18 0 39 49 67 0 24 46 35 33 8 3 14 6 0 2 2 0
1457899192 66 18 0 39 49 67 0 24 46 35 33 8 3 14 6 0 2 2 0
1457899474 67 18 0 39 49 67 0 24 46 35 33 8 3 14 6 0 2 2 0
1457900539 68 18 0 39 49 67 0 24 46 35 33 8 3 14 6 0 2 2 0
1457900704 68 18 0 39 50 67 0 24 46 35 33 8 3 14 6 0 2 2 0
1457900711 68 18 0 39 51 67 0 24 46 35 33 8 3 14 6 0 2 2 0
1457901265 69 18 0 39 51 67 0 24 46 35 33 8 3 14 6 0 2 2 0
1457901978 69 19 0 39 51 67 0 24 46 35 33 8 3 14 6 0 2 2 0
1457902177 69 20 0 39 51 67 0 24 46 35 33 8 3 14 6 0 2 2 0
1457902409 69 21 0 39 51 67 0 24 46 35 33 8 3 14 6 0 2 2 0
1457902505 69 21 0 39 51 67 1 24 46 35 33 8 3 14 6 0 2 2 0
1457902520 70 21 0 39 51 67 1 24 46 35 33 8 3 14 6 0 2 2 0
1457902525 71 21 0 39 51 67 1 24 46 35 33 8 3 14 6 0 2 2 0
1457902564 72 21 0 39 51 67 1 24 46 35 33 8 3 14 6 0 2 2 0
1457902869 73 21 0 39 51 67 1 24 46 35 33 8 3 14 6 0 2 2 0
1457903024 73 21 0 39 52 67 1 24 46 35 33 8 3 14 6 0 2 2 0
1457903044 73 21 0 39 53 67 1 24 46 35 33 8 3 14 6 0 2 2 0
1457903926 74 21 0 39 53 67 1 24 46 35 33 8 3 14 6 0 2 2 0
1457903930 75 21 0 39 53 67 1 24 46 35 33 8 3 14 6 0 2 2 0
1457905174 76 21 0 39 53 67 1 24 46 35 33 8 3 14 6 0 2 2 0
1457905211 76 21 0 39 54 67 1 24 46 35 33 8 3 14 6 0 2 2 0
1457905216 76 21 0 39 55 67 1 24 46 35 33 8 3 14 6 0 2 2 0
1457905509 77 21 0 39 55 67 1 24 46 35 33 8 3 14 6 0 2 2 0
1457907074 77 21 0 39 55 67 2 24 46 35 33 8 3 14 6 0 2 2 0
1457907102 77 21 0 39 55 67 3 24 46 35 33 8 3 14 6 0 2 2 0
1457907151 77 21 0 39 56 67 3 24 46 35 33 8 3 14 6 0 2 2 0
1457907155 77 21 0 39 57 67 3 24 46 35 33 8 3 14 6 0 2 2 0
1457907295 78 21 0 39 57 67 3 24 46 35 33 8 3 14 6 0 2 2 0
1457907327 79 21 0 39 57 67 3 24 46 35 33 8 3 14 6 0 2 2 0
1457908017 79 21 0 39 57 67 4 24 46 35 33 8 3 14 6 0 2 2 0
1457952983 80 21 0 39 57 67 4 24 46 35 33 8 3 14 6 0 2 2 0
1457955490 80 21 0 39 58 67 4 24 46 35 33 8 3 14 6 0 2 2 0
1457959798 80 21 0 39 59 67 4 24 46 35 33 8 3 14 6 0 2 2 0
1457959896 80 22 0 39 59 67 4 24 46 35 33 8 3 14 6 0 2 2 0
1457959927 80 23 0 39 59 67 4 24 46 35 33 8 3 14 6 0 2 2 0
1457960075 80 23 0 40 59 67 4 24 46 35 33 8 3 14 6 0 2 2 0
1457960116 81 23 0 40 59 67 4 24 46 35 33 8 3 14 6 0 2 2 0
1457960965 82 23 0 40 59 67 4 24 46 35 33 8 3 14 6 0 2 2 0
1457961273 82 23 0 40 60 67 4 24 46 35 33 8 3 14 6 0 2 2 0
1457961282 82 23 0 40 61 67 4 24 46 35 33 8 3 14 6 0 2 2 0
1457961508 82 23 0 40 61 67 5 24 46 35 33 8 3 14 6 0 2 2 0
1457962215 82 23 0 40 62 67 5 24 46 35 33 8 3 14 6 0 2 2 0
1457962219 82 23 0 40 63 67 5 24 46 35 33 8 3 14 6 0 2 2 0
1457962355 82 23 0 40 64 67 5 24 46 35 33 8 3 14 6 0 2 2 0
1457962708 82 23 0 40 64 67 5 25 46 35 33 8 3 14 6 0 2 2 0
1457962792 82 23 0 41 64 67 5 25 46 35 33 8 3 14 6 0 2 2 0
1457962807 82 23 0 42 64 67 5 25 46 35 33 8 3 14 6 0 2 2 0
1457962825 82 23 0 42 64 67 5 26 46 35 33 8 3 14 6 0 2 2 0
1457963695 82 23 0 42 65 67 5 26 46 35 33 8 3 14 6 0 2 2 0
1457963699 82 23 0 42 66 67 5 26 46 35 33 8 3 14 6 0 2 2 0
1457964500 82 23 0 42 66 67 6 26 46 35 33 8 3 14 6 0 2 2 0
1457965362 82 23 0 43 66 67 6 26 46 35 33 8 3 14 6 0 2 2 0
1457965381 82 23 0 44 66 67 6 26 46 35 33 8 3 14 6 0 2 2 0
1457965508 82 23 0 44 66 67 7 26 46 35 33 8 3 14 6 0 2 2 0
1457966053 82 23 0 44 66 67 8 26 46 35 33 8 3 14 6 0 2 2 0
1457966550 82 23 0 44 66 67 9 26 46 35 33 8 3 14 6 0 2 2 0
1457967250 83 23 0 44 66 67 9 26 46 35 33 8 3 14 6 0 2 2 0
1457967255 84 23 0 44 66 67 9 26 46 35 33 8 3 14 6 0 2 2 0
1457968652 85 23 0 44 66 67 9 26 46 35 33 8 3 14 6 0 2 2 0
1457969797 85 23 0 45 66 67 9 26 46 35 33 8 3 14 6 0 2 2 0
1457969816 85 23 0 46 66 67 9 26 46 35 33 8 3 14 6 0 2 2 0
1457970606 85 23 0 46 67 67 9 26 46 35 33 8 3 14 6 0 2 2 0
1457970797 85 23 0 46 67 67 9 27 46 35 33 8 3 14 6 0 2 2 0
1457972640 85 24 0 46 67 67 9 27 46 35 33 8 3 14 6 0 2 2 0
1457972666 85 25 0 46 67 67 9 27 46 35 33 8 3 14 6 0 2 2 0
1457973465 85 26 0 46 67 67 9 27 46 35 33 8 3 14 6 0 2 2 0
1457973635 85 26 0 46 68 67 9 27 46 35 33 8 3 14 6 0 2 2 0
1457973640 85 26 0 46 69 67 9 27 46 35 33 8 3 14 6 0 2 2 0
1457976537 85 26 0 46 69 67 10 27 46 35 33 8 3 14 6 0 2 2 0
1457976829 85 26 0 46 69 67 11 27 46 35 33 8 3 14 6 0 2 2 0
1457977077 85 26 0 47 69 67 11 27 46 35 33 8 3 14 6 0 2 2 0
1457977099 85 26 0 48 69 67 11 27 46 35 33 8 3 14 6 0 2 2 0
1457977374 85 26 0 48 70 67 11 27 46 35 33 8 3 14 6 0 2 2 0
1457977472 85 26 0 48 71 67 11 27 46 35 33 8 3 14 6 0 2 2 0
1457978845 85 26 0 49 71 67 11 27 46 35 33 8 3 14 6 0 2 2 0
1457978865 85 26 0 50 71 67 11 27 46 35 33 8 3 14 6 0 2 2 0
1457979983 85 26 0 50 72 67 11 27 46 35 33 8 3 14 6 0 2 2 0
1457979992 85 26 0 50 73 67 11 27 46 35 33 8 3 14 6 0 2 2 0
1457981745 86 26 0 50 73 67 11 27 46 35 33 8 3 14 6 0 2 2 0
1457982189 86 26 0 50 74 67 11 27 46 35 33 8 3 14 6 0 2 2 0
1457982197 86 26 0 50 75 67 11 27 46 35 33 8 3 14 6 0 2 2 0
1457988341 86 26 0 51 75 67 11 27 46 35 33 8 3 14 6 0 2 2 0
1457989854 86 26 0 51 76 67 11 27 46 35 33 8 3 14 6 0 2 2 0
1457990031 86 26 0 51 77 67 11 27 46 35 33 8 3 14 6 0 2 2 0
1457990035 86 26 0 51 78 67 11 27 46 35 33 8 3 14 6 0 2 2 0
1457990186 86 27 0 51 78 67 11 27 46 35 33 8 3 14 6 0 2 2 0
1457990245 86 28 0 51 78 67 11 27 46 35 33 8 3 14 6 0 2 2 0
1457990264 86 29 0 51 78 67 11 27 46 35 33 8 3 14 6 0 2 2 0
1457991508 86 29 0 51 79 67 11 27 46 35 33 8 3 14 6 0 2 2 0
1457991516 86 29 0 51 80 67 11 27 46 35 33 8 3 14 6 0 2 2 0
1457992478 86 29 0 51 81 67 11 27 46 35 33 8 3 14 6 0 2 2 0
1457992865 86 29 0 51 82 67 11 27 46 35 33 8 3 14 6 0 2 2 0
1457994885 86 29 0 51 83 67 11 27 46 35 33 8 3 14 6 0 2 2 0
1457994886 86 29 0 51 83 67 12 27 46 35 33 8 3 14 6 0 2 2 0
1457994902 86 29 0 51 84 67 12 27 46 35 33 8 3 14 6 0 2 2 0
1457997109 86 30 0 51 84 67 12 27 46 35 33 8 3 14 6 0 2 2 0
1457997234 86 31 0 51 84 67 12 27 46 35 33 8 3 14 6 0 2 2 0
1458036473 86 31 0 51 85 67 12 27 46 35 33 8 3 14 6 0 2 2 0
1458036506 86 31 0 51 86 67 12 27 46 35 33 8 3 14 6 0 2 2 0
1458038082 86 31 0 52 86 67 12 27 46 35 33 8 3 14 6 0 2 2 0
1458038586 87 31 0 52 86 67 12 27 46 35 33 8 3 14 6 0 2 2 0
1458038593 88 31 0 52 86 67 12 27 46 35 33 8 3 14 6 0 2 2 0
1458039732 89 31 0 52 86 67 12 27 46 35 33 8 3 14 6 0 2 2 0
1458040123 90 31 0 52 86 67 12 27 46 35 33 8 3 14 6 0 2 2 0
1458040763 91 31 0 52 86 67 12 27 46 35 33 8 3 14 6 0 2 2 0
1458041199 91 31 0 52 87 67 12 27 46 35 33 8 3 14 6 0 2 2 0
1458041203 91 31 0 52 88 67 12 27 46 35 33 8 3 14 6 0 2 2 0
1458041267 91 31 0 53 88 67 12 27 46 35 33 8 3 14 6 0 2 2 0
1458041302 91 31 0 54 88 67 12 27 46 35 33 8 3 14 6 0 2 2 0
1458041450 92 31 0 54 88 67 12 27 46 35 33 8 3 14 6 0 2 2 0
1458041460 93 31 0 54 88 67 12 27 46 35 33 8 3 14 6 0 2 2 0
1458041758 94 31 0 54 88 67 12 27 46 35 33 8 3 14 6 0 2 2 0
1458041881 94 31 0 54 89 67 12 27 46 35 33 8 3 14 6 0 2 2 0
1458041887 94 31 0 54 90 67 12 27 46 35 33 8 3 14 6 0 2 2 0
1458047019 94 31 0 55 90 67 12 27 46 35 33 8 3 14 6 0 2 2 0
1458047064 94 31 0 56 90 67 12 27 46 35 33 8 3 14 6 0 2 2 0
1458050162 94 32 0 56 90 67 12 27 46 35 33 8 3 14 6 0 2 2 0
1458050864 94 32 0 56 90 67 12 27 46 36 33 8 3 14 6 0 2 2 0
1458051101 94 32 0 56 90 67 12 27 46 37 33 8 3 14 6 0 2 2 0
1458051979 94 32 0 56 90 67 12 27 46 38 33 8 3 14 6 0 2 2 0
1458055194 94 32 0 56 90 67 12 28 46 38 33 8 3 14 6 0 2 2 0
1458055316 94 32 0 56 90 67 12 29 46 38 33 8 3 14 6 0 2 2 0
1458059580 94 32 0 57 90 67 12 29 46 38 33 8 3 14 6 0 2 2 0
1458060009 94 32 0 58 90 67 12 29 46 38 33 8 3 14 6 0 2 2 0
1458060221 94 32 0 58 90 67 12 30 46 38 33 8 3 14 6 0 2 2 0
1458060263 94 32 0 58 90 67 12 31 46 38 33 8 3 14 6 0 2 2 0
1458060290 94 32 0 59 90 67 12 31 46 38 33 8 3 14 6 0 2 2 0
1458060315 94 32 0 59 90 67 12 32 46 38 33 8 3 14 6 0 2 2 0
1458060958 94 32 0 59 90 67 12 33 46 38 33 8 3 14 6 0 2 2 0
1458072283 94 32 0 59 91 67 12 33 46 38 33 8 3 14 6 0 2 2 0
1458077817 94 32 0 59 92 67 12 33 46 38 33 8 3 14 6 0 2 2 0
1458081261 94 32 0 59 93 67 12 33 46 38 33 8 3 14 6 0 2 2 0
1458096354 94 32 0 59 94 67 12 33 46 38 33 8 3 14 6 0 2 2 0
1458121596 95 32 0 59 94 67 12 33 46 38 33 8 3 14 6 0 2 2 0
1458123521 95 32 0 60 94 67 12 33 46 38 33 8 3 14 6 0 2 2 0
1458123569 95 32 0 61 94 67 12 33 46 38 33 8 3 14 6 0 2 2 0
1458124114 95 32 0 61 95 67 12 33 46 38 33 8 3 14 6 0 2 2 0
1458124233 95 32 0 61 95 67 12 33 46 39 33 8 3 14 6 0 2 2 0
1458126213 95 32 0 61 95 67 12 34 46 39 33 8 3 14 6 0 2 2 0
1458126266 95 32 0 61 95 67 12 35 46 39 33 8 3 14 6 0 2 2 0
1458127154 95 32 0 61 95 67 12 36 46 39 33 8 3 14 6 0 2 2 0
1458127367 95 32 0 61 96 67 12 36 46 39 33 8 3 14 6 0 2 2 0
1458127603 96 32 0 61 96 67 12 36 46 39 33 8 3 14 6 0 2 2 0
1458134053 96 32 0 61 97 67 12 36 46 39 33 8 3 14 6 0 2 2 0
1458134105 96 32 0 61 98 67 12 36 46 39 33 8 3 14 6 0 2 2 0
1458135630 97 32 0 61 98 67 12 36 46 39 33 8 3 14 6 0 2 2 0
1458135715 97 32 0 61 99 67 12 36 46 39 33 8 3 14 6 0 2 2 0
1458135734 97 32 0 61 100 67 12 36 46 39 33 8 3 14 6 0 2 2 0
1458136528 97 32 0 61 100 67 12 37 46 39 33 8 3 14 6 0 2 2 0
1458136976 97 32 0 61 101 67 12 37 46 39 33 8 3 14 6 0 2 2 0
1458137114 98 32 0 61 101 67 12 37 46 39 33 8 3 14 6 0 2 2 0
1458137122 102 32 0 61 110 67 12 37 46 39 33 8 3 14 6 0 2 2 0
1458137193 103 32 0 61 110 67 12 37 46 39 33 8 3 14 6 0 2 2 0
1458137214 103 32 0 61 110 67 12 38 46 39 33 8 3 14 6 0 2 2 0
1458137394 103 32 0 61 110 67 13 38 46 39 33 8 3 14 6 0 2 2 0
1458137478 103 32 0 61 110 67 13 39 46 39 33 8 3 14 6 0 2 2 0
1458137549 104 32 0 61 110 67 13 39 46 39 33 8 3 14 6 0 2 2 0
1458137723 105 32 0 61 110 67 13 39 46 39 33 8 3 14 6 0 2 2 0
1458137839 105 32 0 61 111 67 13 39 46 39 33 8 3 14 6 0 2 2 0
1458138102 106 32 0 61 111 67 13 39 46 39 33 8 3 14 6 0 2 2 0
1458138264 106 32 0 61 112 67 13 39 46 39 33 8 3 14 6 0 2 2 0
1458139346 106 32 0 62 112 67 13 39 46 39 33 8 3 14 6 0 2 2 0
1458139363 106 32 0 63 112 67 13 39 46 39 33 8 3 14 6 0 2 2 0
1458139760 106 32 0 63 113 67 13 39 46 39 33 8 3 14 6 0 2 2 0
1458139772 106 32 0 63 114 67 13 39 46 39 33 8 3 14 6 0 2 2 0
1458140303 106 32 0 63 115 67 13 39 46 39 33 8 3 14 6 0 2 2 0
1458140897 106 32 0 63 115 67 14 39 46 39 33 8 3 14 6 0 2 2 0
1458141035 106 32 0 63 115 67 14 40 46 39 33 8 3 14 6 0 2 2 0
1458153130 106 32 0 63 115 67 14 41 46 39 33 8 3 14 6 0 2 2 0
1458154477 106 32 0 63 115 67 14 41 46 40 33 8 3 14 6 0 2 2 0
1458154489 106 32 0 63 115 67 14 41 46 41 33 8 3 14 6 0 2 2 0
1458162997 106 32 0 63 116 67 14 41 46 41 33 8 3 14 6 0 2 2 0
1458163149 106 32 0 63 117 67 14 41 46 41 33 8 3 14 6 0 2 2 0
1458163216 106 32 0 63 118 67 14 41 46 41 33 8 3 14 6 0 2 2 0
1458164710 106 32 0 63 119 67 14 41 46 41 33 8 3 14 6 0 2 2 0
1458168686 106 32 1 63 119 67 14 41 46 41 33 8 3 14 6 0 2 2 0
1458168968 106 32 1 63 120 67 14 41 46 41 33 8 3 14 6 0 2 2 0
1458168980 106 32 1 63 121 67 14 41 46 41 33 8 3 14 6 0 2 2 0
1458169257 106 32 1 63 122 67 14 41 46 41 33 8 3 14 6 0 2 2 0
1458170866 106 32 1 63 123 67 14 41 46 41 33 8 3 14 6 0 2 2 0
1458170876 106 32 1 63 124 67 14 41 46 41 33 8 3 14 6 0 2 2 0
1458170966 106 32 1 63 125 67 14 41 46 41 33 8 3 14 6 0 2 2 0
1458171558 106 32 1 63 126 67 14 41 46 41 33 8 3 14 6 0 2 2 0
1458220290 106 33 1 63 126 67 14 41 46 41 33 8 3 14 6 0 2 2 0
1458224930 106 33 1 63 127 67 14 41 46 41 33 8 3 14 6 0 2 2 0
1458224946 106 34 1 63 127 67 14 41 46 41 33 8 3 14 6 0 2 2 0
1458225033 106 34 1 63 128 67 14 41 46 41 33 8 3 14 6 0 2 2 0
1458225050 106 34 1 63 129 67 14 41 46 41 33 8 3 14 6 0 2 2 0
1458656440 106 35 1 63 129 67 14 41 46 41 33 8 3 14 6 0 2 2 0
1458832085 106 36 1 63 129 67 14 41 46 41 33 8 3 14 6 0 2 2 0
1458843905 106 37 1 63 129 67 14 41 46 41 33 8 3 14 6 0 2 2 0
1458844360 106 38 1 63 129 67 14 41 46 41 33 8 3 14 6 0 2 2 0
1458910434 106 39 1 63 129 67 14 41 46 41 33 8 3 14 6 0 2 2 0
1458995084 106 40 1 63 129 67 14 41 46 41 33 8 3 14 6 0 2 2 0
1458995346 106 41 1 63 129 67 14 41 46 41 33 8 3 14 6 0 2 2 0
1458996095 106 42 1 63 129 67 14 41 46 41 33 8 3 14 6 0 2 2 0
1458996152 106 43 1 63 129 67 14 41 46 41 33 8 3 14 6 0 2 2 0
1459107967 106 44 1 63 129 67 14 41 46 41 33 8 3 14 6 0 2 2 0
1459108213 106 45 1 63 129 67 14 41 46 41 33 8 3 14 6 0 2 2 0
1459433106 106 45 1 63 130 67 14 41 46 41 33 8 3 14 6 0 2 2 0
1459435612 107 45 1 63 130 67 14 41 46 41 33 8 3 14 6 0 2 2 0
1459436694 108 45 1 63 130 67 14 41 46 41 33 8 3 14 6 0 2 2 0
1459439694 109 45 1 63 130 67 14 41 46 41 33 8 3 14 6 0 2 2 0
1459439710 110 45 1 63 130 67 14 41 46 41 33 8 3 14 6 0 2 2 0
1459506101 110 45 1 63 130 67 14 41 46 41 33 8 3 14 6 1 2 2 0
1459513458 110 46 1 63 130 67 14 41 46 41 33 8 3 14 6 1 2 2 0
1459771174 110 46 1 64 130 67 14 41 46 41 33 8 3 14 6 1 2 2 0
1459773062 110 46 1 65 130 67 14 41 46 41 33 8 3 14 6 1 2 2 0
1459776503 111 46 1 65 130 67 14 41 46 41 33 8 3 14 6 1 2 2 0
1459777864 112 46 1 65 130 67 14 41 46 41 33 8 3 14 6 1 2 2 0
1459778118 112 46 1 66 130 67 14 41 46 41 33 8 3 14 6 1 2 2 0
1459778792 112 46 1 67 130 67 14 41 46 41 33 8 3 14 6 1 2 2 0
1459781793 112 46 1 68 130 67 14 41 46 41 33 8 3 14 6 1 2 2 0
1459783730 112 46 1 69 130 67 14 41 46 41 33 8 3 14 6 1 2 2 0
1459784500 112 47 1 69 130 67 14 41 46 41 33 8 3 14 6 1 2 2 0
1459792204 113 47 1 69 130 67 14 41 46 41 33 8 3 14 6 1 2 2 0
1459801685 114 47 1 69 130 67 14 41 46 41 33 8 3 14 6 1 2 2 0
1459801771 115 47 1 69 130 67 14 41 46 41 33 8 3 14 6 1 2 2 0
1459801795 116 47 1 69 130 67 14 41 46 41 33 8 3 14 6 1 2 2 0
1459844772 116 47 2 69 130 67 14 41 46 41 33 8 3 14 6 1 2 2 0
1459844777 116 47 3 69 130 67 14 41 46 41 33 8 3 14 6 1 2 2 0
1459845684 116 47 4 69 130 67 14 41 46 41 33 8 3 14 6 1 2 2 0
1459845812 116 48 4 69 130 67 14 41 46 41 33 8 3 14 6 1 2 2 0
1459849086 116 49 4 69 130 67 14 41 46 41 33 8 3 14 6 1 2 2 0
1459849163 116 50 4 69 130 67 14 41 46 41 33 8 3 14 6 1 2 2 0
1459853642 116 50 4 69 130 67 14 41 46 41 33 9 3 14 6 1 2 2 0
1459855153 116 50 4 70 130 67 14 41 46 41 33 9 3 14 6 1 2 2 0
1459855288 116 50 5 70 130 67 14 41 46 41 33 9 3 14 6 1 2 2 0
1459855317 116 50 6 70 130 67 14 41 46 41 33 9 3 14 6 1 2 2 0
1459855417 116 50 7 70 130 67 14 41 46 41 33 9 3 14 6 1 2 2 0
1459857188 116 50 8 70 130 67 14 41 46 41 33 9 3 14 6 1 2 2 0
1459857822 116 50 8 70 130 67 14 41 46 41 33 10 3 14 6 1 2 2 0
1459857892 116 50 8 70 130 67 14 41 46 41 33 11 3 14 6 1 2 2 0
1459857903 116 50 9 70 130 67 14 41 46 41 33 11 3 14 6 1 2 2 0
1459858052 116 50 10 70 130 67 14 41 46 41 33 11 3 14 6 1 2 2 0
1459858080 116 50 10 71 130 67 14 41 46 41 33 11 3 14 6 1 2 2 0
1459858105 116 50 10 72 130 67 14 41 46 41 33 11 3 14 6 1 2 2 0
1459858121 116 50 11 72 130 67 14 41 46 41 33 11 3 14 6 1 2 2 0
1459858129 116 50 12 72 130 67 14 41 46 41 33 11 3 14 6 1 2 2 0
1459859438 116 50 13 72 130 67 14 41 46 41 33 11 3 14 6 1 2 2 0
1459860234 116 50 13 73 130 67 14 41 46 41 33 11 3 14 6 1 2 2 0
1459863083 116 50 13 74 130 67 14 41 46 41 33 11 3 14 6 1 2 2 0
1459865447 116 50 14 74 130 67 14 41 46 41 33 11 3 14 6 1 2 2 0
1459865455 116 50 15 74 130 67 14 41 46 41 33 11 3 14 6 1 2 2 0
1459867730 116 51 15 74 130 67 14 41 46 41 33 11 3 14 6 1 2 2 0
1459867910 116 52 15 74 130 67 14 41 46 41 33 11 3 14 6 1 2 2 0
1459868366 116 53 15 74 130 67 14 41 46 41 33 11 3 14 6 1 2 2 0
1459868441 116 54 15 74 130 67 14 41 46 41 33 11 3 14 6 1 2 2 0
1459868672 116 54 16 74 130 67 14 41 46 41 33 11 3 14 6 1 2 2 0
1459868680 116 54 17 74 130 67 14 41 46 41 33 11 3 14 6 1 2 2 0
1459869770 116 55 17 74 130 67 14 41 46 41 33 11 3 14 6 1 2 2 0
1459869982 116 56 17 74 130 67 14 41 46 41 33 11 3 14 6 1 2 2 0
1459870111 116 57 17 74 130 67 14 41 46 41 33 11 3 14 6 1 2 2 0
1459872402 116 58 17 74 130 67 14 41 46 41 33 11 3 14 6 1 2 2 0
1459872461 116 58 17 75 130 67 14 41 46 41 33 11 3 14 6 1 2 2 0
1459872510 116 58 17 76 130 67 14 41 46 41 33 11 3 14 6 1 2 2 0
1459873198 117 58 17 76 130 67 14 41 46 41 33 11 3 14 6 1 2 2 0
1459873273 118 58 17 76 130 67 14 41 46 41 33 11 3 14 6 1 2 2 0
1459878461 118 58 18 76 130 67 14 41 46 41 33 11 3 14 6 1 2 2 0
1459880524 119 58 18 76 130 67 14 41 46 41 33 11 3 14 6 1 2 2 0
1459880578 120 58 18 76 130 67 14 41 46 41 33 11 3 14 6 1 2 2 0
1459880595 121 58 18 76 130 67 14 41 46 41 33 11 3 14 6 1 2 2 0
1459881614 122 58 18 76 130 67 14 41 46 41 33 11 3 14 6 1 2 2 0
1459881702 123 58 18 76 130 67 14 41 46 41 33 11 3 14 6 1 2 2 0
1459885198 123 58 19 76 130 67 14 41 46 41 33 11 3 14 6 1 2 2 0
1459901648 123 59 19 76 130 67 14 41 46 41 33 11 3 14 6 1 2 2 0
1459932927 123 59 19 77 130 67 14 41 46 41 33 11 3 14 6 1 2 2 0
1459934484 123 59 19 77 130 67 15 41 46 41 33 11 3 14 6 1 2 2 0
1459935212 123 59 19 77 130 67 15 42 46 41 33 11 3 14 6 1 2 2 0
1459935296 123 59 19 77 130 67 16 42 46 41 33 11 3 14 6 1 2 2 0
1459936040 123 59 19 77 130 67 17 42 46 41 33 11 3 14 6 1 2 2 0
1459937659 123 59 19 78 130 67 17 42 46 41 33 11 3 14 6 1 2 2 0
1459940398 123 59 19 79 130 67 17 42 46 41 33 11 3 14 6 1 2 2 0
1459945920 123 59 19 79 130 67 17 42 46 41 33 12 3 14 6 1 2 2 0
1459947051 123 60 19 79 130 67 17 42 46 41 33 12 3 14 6 1 2 2 0
1459947090 123 61 19 79 130 67 17 42 46 41 33 12 3 14 6 1 2 2 0
1459947224 123 61 19 79 130 67 18 42 46 41 33 12 3 14 6 1 2 2 0
1459947410 123 62 19 79 130 67 18 42 46 41 33 12 3 14 6 1 2 2 0
1459947447 123 62 19 79 130 67 18 42 46 41 33 13 3 14 6 1 2 2 0
1459947475 123 62 19 79 130 67 18 42 46 41 33 14 3 14 6 1 2 2 0
1459948232 123 62 19 79 130 67 19 42 46 41 33 14 3 14 6 1 2 2 0
1459948630 123 62 20 79 130 67 19 42 46 41 33 14 3 14 6 1 2 2 0
1459948637 123 62 21 79 130 67 19 42 46 41 33 14 3 14 6 1 2 2 0
1459948670 123 62 21 79 130 67 19 42 46 41 33 15 3 14 6 1 2 2 0
1459948823 123 62 21 80 130 67 19 42 46 41 33 15 3 14 6 1 2 2 0
1459948836 123 62 21 81 130 67 19 42 46 41 33 15 3 14 6 1 2 2 0
1459948894 123 62 21 81 130 67 20 42 46 41 33 15 3 14 6 1 2 2 0
1459949002 123 63 21 81 130 67 20 42 46 41 33 15 3 14 6 1 2 2 0
1459949024 123 63 22 81 130 67 20 42 46 41 33 15 3 14 6 1 2 2 0
1459949381 123 63 22 81 130 67 21 42 46 41 33 15 3 14 6 1 2 2 0
1459949960 123 63 22 82 130 67 21 42 46 41 33 15 3 14 6 1 2 2 0
1459949987 123 64 22 82 130 67 21 42 46 41 33 15 3 14 6 1 2 2 0
1459950059 123 64 23 82 130 67 21 42 46 41 33 15 3 14 6 1 2 2 0
1459950376 123 65 23 82 130 67 21 42 46 41 33 15 3 14 6 1 2 2 0
1459950469 123 65 24 82 130 67 21 42 46 41 33 15 3 14 6 1 2 2 0
1459951114 123 65 25 82 130 67 21 42 46 41 33 15 3 14 6 1 2 2 0
1459951553 123 65 25 82 130 67 21 42 46 41 33 15 4 14 6 1 2 2 0
1459952944 123 65 25 82 130 67 21 43 46 41 33 15 4 14 6 1 2 2 0
1459953193 123 65 25 83 130 67 21 43 46 41 33 15 4 14 6 1 2 2 0
1459953216 123 65 25 84 130 67 21 43 46 41 33 15 4 14 6 1 2 2 0
1459953263 124 65 25 84 130 67 21 43 46 41 33 15 4 14 6 1 2 2 0
1459953669 125 65 25 84 130 67 21 43 46 41 33 15 4 14 6 1 2 2 0
1459954381 125 65 25 85 130 67 21 43 46 41 33 15 4 14 6 1 2 2 0
1459955079 125 65 25 86 130 67 21 43 46 41 33 15 4 14 6 1 2 2 0
1459964112 125 65 25 86 130 67 22 43 46 41 33 15 4 14 6 1 2 2 0
1459964339 125 65 25 86 130 67 23 43 46 41 33 15 4 14 6 1 2 2 0
1460026125 125 65 25 87 130 67 23 43 46 41 33 15 4 14 6 1 2 2 0
1460026146 125 66 25 87 130 67 23 43 46 41 33 15 4 14 6 1 2 2 0
1460026158 125 67 25 87 130 67 23 43 46 41 33 15 4 14 6 1 2 2 0
1460026775 125 67 25 88 130 67 23 43 46 41 33 15 4 14 6 1 2 2 0
1460031587 125 67 25 88 130 67 23 43 46 41 33 15 5 14 6 1 2 2 0
1460031981 125 67 25 88 130 67 23 43 46 41 33 15 6 14 6 1 2 2 0
1460033185 125 67 25 88 130 67 24 43 46 41 33 15 6 14 6 1 2 2 0
1460035396 125 67 26 88 130 67 24 43 46 41 33 15 6 14 6 1 2 2 0
1460035408 125 67 27 88 130 67 24 43 46 41 33 15 6 14 6 1 2 2 0
1460035912 125 67 28 88 130 67 24 43 46 41 33 15 6 14 6 1 2 2 0
1460036175 125 67 29 88 130 67 24 43 46 41 33 15 6 14 6 1 2 2 0
1460036227 125 67 30 88 130 67 24 43 46 41 33 15 6 14 6 1 2 2 0
1460036306 125 67 30 88 130 67 24 43 46 41 33 16 6 14 6 1 2 2 0
1460036312 125 67 30 88 130 67 24 43 46 41 33 17 6 14 6 1 2 2 0
1460037118 125 67 30 88 130 67 24 43 46 41 33 18 6 14 6 1 2 2 0
1460040494 125 67 30 88 130 67 24 43 46 41 33 19 6 14 6 1 2 2 0
1460043132 125 67 30 88 130 67 24 43 46 41 33 20 6 14 6 1 2 2 0
1460052876 125 67 31 88 130 67 24 43 46 41 33 20 6 14 6 1 2 2 0
1460054791 125 67 32 88 130 67 24 43 46 41 33 20 6 14 6 1 2 2 0
1460059024 126 67 32 88 130 67 24 43 46 41 33 20 6 14 6 1 2 2 0
1460059078 127 67 32 88 130 67 24 43 46 41 33 20 6 14 6 1 2 2 0
1460065590 128 67 32 88 130 67 24 43 46 41 33 20 6 14 6 1 2 2 0
1460066900 128 67 33 88 130 67 24 43 46 41 33 20 6 14 6 1 2 2 0
1460069740 128 67 34 88 130 67 24 43 46 41 33 20 6 14 6 1 2 2 0
1460104510 128 67 34 88 130 67 24 43 46 41 33 20 7 14 6 1 2 2 0
1460106155 128 68 34 88 130 67 24 43 46 41 33 20 7 14 6 1 2 2 0
1460107102 128 68 35 88 130 67 24 43 46 41 33 20 7 14 6 1 2 2 0
1460107266 128 68 35 88 130 67 24 43 46 41 33 20 8 14 6 1 2 2 0
1460108194 128 68 36 88 130 67 24 43 46 41 33 20 8 14 6 1 2 2 0
1460108247 128 69 36 88 130 67 24 43 46 41 33 20 8 14 6 1 2 2 0
1460108329 129 69 36 88 130 67 24 43 46 41 33 20 8 14 6 1 2 2 0
1460108399 129 69 37 88 130 67 24 43 46 41 33 20 8 14 6 1 2 2 0
1460108438 130 69 37 88 130 67 24 43 46 41 33 20 8 14 6 1 2 2 0
1460109282 130 69 38 88 130 67 24 43 46 41 33 20 8 14 6 1 2 2 0
1460110073 130 69 39 88 130 67 24 43 46 41 33 20 8 14 6 1 2 2 0
1460110249 130 69 40 88 130 67 24 43 46 41 33 20 8 14 6 1 2 2 0
1460111440 130 69 40 88 130 67 24 43 46 41 33 21 8 14 6 1 2 2 0
1460113316 130 69 40 88 130 67 24 43 46 41 33 21 8 14 6 1 3 2 0
1460115454 130 69 40 89 130 67 24 43 46 41 33 21 8 14 6 1 3 2 0
1460115623 130 69 40 89 130 67 24 43 46 41 33 22 8 14 6 1 3 2 0
1460115716 130 69 40 90 130 67 24 43 46 41 33 22 8 14 6 1 3 2 0
1460115748 130 69 40 90 130 67 24 43 46 41 33 23 8 14 6 1 3 2 0
1460115773 130 69 40 90 130 67 24 43 46 41 33 24 8 14 6 1 3 2 0
1460115902 130 69 40 91 130 67 24 43 46 41 33 24 8 14 6 1 3 2 0
1460116715 130 69 40 92 130 67 24 43 46 41 33 24 8 14 6 1 3 2 0
1460116864 130 69 41 92 130 67 24 43 46 41 33 24 8 14 6 1 3 2 0
1460116914 130 69 42 92 130 67 24 43 46 41 33 24 8 14 6 1 3 2 0
1460116966 130 69 43 92 130 67 24 43 46 41 33 24 8 14 6 1 3 2 0
1460117846 130 69 44 92 130 67 24 43 46 41 33 24 8 14 6 1 3 2 0
1460118165 130 69 44 92 130 67 24 43 46 41 33 24 9 14 6 1 3 2 0
1460118183 130 70 44 92 130 67 24 43 46 41 33 24 9 14 6 1 3 2 0
1460118283 130 71 44 92 130 67 24 43 46 41 33 24 9 14 6 1 3 2 0
1460118398 130 71 44 92 130 67 24 43 46 41 33 24 10 14 6 1 3 2 0
1460118588 130 72 44 92 130 67 24 43 46 41 33 24 10 14 6 1 3 2 0
1460119048 131 72 44 92 130 67 24 43 46 41 33 24 10 14 6 1 3 2 0
1460119129 132 72 44 92 130 67 24 43 46 41 33 24 10 14 6 1 3 2 0
1460119176 133 72 44 92 130 67 24 43 46 41 33 24 10 14 6 1 3 2 0
1460119198 134 72 44 92 130 67 24 43 46 41 33 24 10 14 6 1 3 2 0
1460119293 135 72 44 92 130 67 24 43 46 41 33 24 10 14 6 1 3 2 0
1460119390 135 72 45 92 130 67 24 43 46 41 33 24 10 14 6 1 3 2 0
1460119416 135 72 46 92 130 67 24 43 46 41 33 24 10 14 6 1 3 2 0
1460119929 136 72 46 92 130 67 24 43 46 41 33 24 10 14 6 1 3 2 0
1460123582 136 72 46 92 130 67 24 44 46 41 33 24 10 14 6 1 3 2 0
1460123860 136 72 46 92 130 67 24 45 46 41 33 24 10 14 6 1 3 2 0
1460124230 136 72 47 92 130 67 24 45 46 41 33 24 10 14 6 1 3 2 0
1460124718 136 72 47 92 130 67 24 46 46 41 33 24 10 14 6 1 3 2 0
1460124733 136 72 47 92 130 67 24 47 46 41 33 24 10 14 6 1 3 2 0
1460125566 136 72 47 92 130 67 24 47 46 41 33 25 10 14 6 1 3 2 0
1460128558 137 72 47 92 130 67 24 47 46 41 33 25 10 14 6 1 3 2 0
1460142825 137 72 47 93 130 67 24 47 46 41 33 25 10 14 6 1 3 2 0
1460143345 137 72 47 94 130 67 24 47 46 41 33 25 10 14 6 1 3 2 0
1460147197 137 72 47 95 130 67 24 47 46 41 33 25 10 14 6 1 3 2 0
1460148944 137 72 48 95 130 67 24 47 46 41 33 25 10 14 6 1 3 2 0
1460151464 137 72 49 95 130 67 24 47 46 41 33 25 10 14 6 1 3 2 0
1460151473 137 72 50 95 130 67 24 47 46 41 33 25 10 14 6 1 3 2 0
1460162468 137 72 51 95 130 67 24 47 46 41 33 25 10 14 6 1 3 2 0
1460202348 137 72 52 95 130 67 24 47 46 41 33 25 10 14 6 1 3 2 0
1460218943 137 72 53 95 130 67 24 47 46 41 33 25 10 14 6 1 3 2 0
1460226573 137 72 54 95 130 67 24 47 46 41 33 25 10 14 6 1 3 2 0
1460227083 137 72 55 95 130 67 24 47 46 41 33 25 10 14 6 1 3 2 0
1460227467 137 72 56 95 130 67 24 47 46 41 33 25 10 14 6 1 3 2 0
1460227769 137 72 57 95 130 67 24 47 46 41 33 25 10 14 6 1 3 2 0
1460228630 137 72 58 95 130 67 24 47 46 41 33 25 10 14 6 1 3 2 0
1460230989 137 73 58 95 130 67 24 47 46 41 33 25 10 14 6 1 3 2 0
1460231505 137 74 58 95 130 67 24 47 46 41 33 25 10 14 6 1 3 2 0
1460231596 137 75 58 95 130 67 24 47 46 41 33 25 10 14 6 1 3 2 0
1460231618 137 75 59 95 130 67 24 47 46 41 33 25 10 14 6 1 3 2 0
1460231655 137 76 59 95 130 67 24 47 46 41 33 25 10 14 6 1 3 2 0
1460231789 137 77 59 95 130 67 24 47 46 41 33 25 10 14 6 1 3 2 0
1460231958 137 78 59 95 130 67 24 47 46 41 33 25 10 14 6 1 3 2 0
1460232221 137 79 59 95 130 67 24 47 46 41 33 25 10 14 6 1 3 2 0
1460232264 137 80 59 95 130 67 24 47 46 41 33 25 10 14 6 1 3 2 0
1460232471 137 81 59 95 130 67 24 47 46 41 33 25 10 14 6 1 3 2 0
1460232649 137 82 59 95 130 67 24 47 46 41 33 25 10 14 6 1 3 2 0
1460232685 137 83 59 95 130 67 24 47 46 41 33 25 10 14 6 1 3 2 0
1460232754 137 84 59 95 130 67 24 47 46 41 33 25 10 14 6 1 3 2 0
1460232892 137 85 59 95 130 67 24 47 46 41 33 25 10 14 6 1 3 2 0
1460233004 137 86 59 95 130 67 24 47 46 41 33 25 10 14 6 1 3 2 0
1460233316 137 87 59 95 130 67 24 47 46 41 33 25 10 14 6 1 3 2 0
1460233893 137 87 60 95 130 67 24 47 46 41 33 25 10 14 6 1 3 2 0
1460235667 137 87 61 95 130 67 24 47 46 41 33 25 10 14 6 1 3 2 0
1460235733 137 87 62 95 130 67 24 47 46 41 33 25 10 14 6 1 3 2 0
1460245384 137 88 62 95 130 67 24 47 46 41 33 25 10 14 6 1 3 2 0
1460245980 137 89 62 95 130 67 24 47 46 41 33 25 10 14 6 1 3 2 0
1460246009 137 90 62 95 130 67 24 47 46 41 33 25 10 14 6 1 3 2 0
1460287003 137 91 62 95 130 67 24 47 46 41 33 25 10 14 6 1 3 2 0
1460291176 137 91 62 95 130 67 24 47 46 41 33 25 11 14 6 1 3 2 0
1460291683 137 91 62 95 130 67 24 47 46 41 33 25 12 14 6 1 3 2 0
1460292601 137 91 63 95 130 67 24 47 46 41 33 25 12 14 6 1 3 2 0
1460292606 137 91 64 95 130 67 24 47 46 41 33 25 12 14 6 1 3 2 0
1460292666 137 91 64 95 130 67 24 48 46 41 33 25 12 14 6 1 3 2 0
1460292677 137 91 64 95 130 67 24 49 46 41 33 25 12 14 6 1 3 2 0
1460292789 138 91 64 95 130 67 24 49 46 41 33 25 12 14 6 1 3 2 0
1460292823 138 91 65 95 130 67 24 49 46 41 33 25 12 14 6 1 3 2 0
1460292832 138 91 66 95 130 67 24 49 46 41 33 25 12 14 6 1 3 2 0
1460293062 139 91 66 95 130 67 24 49 46 41 33 25 12 14 6 1 3 2 0
1460293543 140 91 66 95 130 67 24 49 46 41 33 25 12 14 6 1 3 2 0
1460293558 141 91 66 95 130 67 24 49 46 41 33 25 12 14 6 1 3 2 0
1460295439 141 91 67 95 130 67 24 49 46 41 33 25 12 14 6 1 3 2 0
1460295814 142 91 67 95 130 67 24 49 46 41 33 25 12 14 6 1 3 2 0
1460295831 143 91 67 95 130 67 24 49 46 41 33 25 12 14 6 1 3 2 0
1460295860 144 91 67 95 130 67 24 49 46 41 33 25 12 14 6 1 3 2 0
1460295901 145 91 67 95 130 67 24 49 46 41 33 25 12 14 6 1 3 2 0
1460298248 145 91 67 95 130 67 25 49 46 41 33 25 12 14 6 1 3 2 0
1460299288 146 91 67 95 130 67 25 49 46 41 33 25 12 14 6 1 3 2 0
1460299413 146 91 68 95 130 67 25 49 46 41 33 25 12 14 6 1 3 2 0
1460299420 146 91 69 95 130 67 25 49 46 41 33 25 12 14 6 1 3 2 0
1460299597 147 91 69 95 130 67 25 49 46 41 33 25 12 14 6 1 3 2 0
1460299616 148 91 69 95 130 67 25 49 46 41 33 25 12 14 6 1 3 2 0
1460299849 148 92 69 95 130 67 25 49 46 41 33 25 12 14 6 1 3 2 0
1460299978 148 92 70 95 130 67 25 49 46 41 33 25 12 14 6 1 3 2 0
1460299983 148 92 71 95 130 67 25 49 46 41 33 25 12 14 6 1 3 2 0
1460299992 149 92 71 95 130 67 25 49 46 41 33 25 12 14 6 1 3 2 0
1460299995 149 93 71 95 130 67 25 49 46 41 33 25 12 14 6 1 3 2 0
1460300010 150 93 71 95 130 67 25 49 46 41 33 25 12 14 6 1 3 2 0
1460300014 150 94 71 95 130 67 25 49 46 41 33 25 12 14 6 1 3 2 0
1460300035 150 95 71 95 130 67 25 49 46 41 33 25 12 14 6 1 3 2 0
1460300293 150 95 71 95 130 67 25 50 46 41 33 25 12 14 6 1 3 2 0
1460300938 150 96 71 95 130 67 25 50 46 41 33 25 12 14 6 1 3 2 0
1460301938 150 96 72 95 130 67 25 50 46 41 33 25 12 14 6 1 3 2 0
1460302224 150 96 72 95 130 67 25 51 46 41 33 25 12 14 6 1 3 2 0
1460302767 151 96 72 95 130 67 25 51 46 41 33 25 12 14 6 1 3 2 0
1460302773 152 96 72 95 130 67 25 51 46 41 33 25 12 14 6 1 3 2 0
1460303584 152 97 72 95 130 67 25 51 46 41 33 25 12 14 6 1 3 2 0
1460304064 152 98 72 95 130 67 25 51 46 41 33 25 12 14 6 1 3 2 0
1460304405 152 98 72 95 130 67 25 52 46 41 33 25 12 14 6 1 3 2 0
1460304563 152 98 72 95 130 67 25 53 46 41 33 25 12 14 6 1 3 2 0
1460306455 152 98 72 95 130 67 26 53 46 41 33 25 12 14 6 1 3 2 0
1460309621 153 98 72 95 130 67 26 53 46 41 33 25 12 14 6 1 3 2 0
1460309761 154 98 72 95 130 67 26 53 46 41 33 25 12 14 6 1 3 2 0
1460309796 155 98 72 95 130 67 26 53 46 41 33 25 12 14 6 1 3 2 0
1460309808 156 98 72 95 130 67 26 53 46 41 33 25 12 14 6 1 3 2 0
1460309830 157 98 72 95 130 67 26 53 46 41 33 25 12 14 6 1 3 2 0
1460309998 158 98 72 95 130 67 26 53 46 41 33 25 12 14 6 1 3 2 0
1460310614 158 99 72 95 130 67 26 53 46 41 33 25 12 14 6 1 3 2 0
1460310628 158 100 72 95 130 67 26 53 46 41 33 25 12 14 6 1 3 2 0
1460310639 159 100 72 95 130 67 26 53 46 41 33 25 12 14 6 1 3 2 0
1460310722 159 101 72 95 130 67 26 53 46 41 33 25 12 14 6 1 3 2 0
1460310748 159 102 72 95 130 67 26 53 46 41 33 25 12 14 6 1 3 2 0
1460311024 159 103 72 95 130 67 26 53 46 41 33 25 12 14 6 1 3 2 0
1460311031 159 103 73 95 130 67 26 53 46 41 33 25 12 14 6 1 3 2 0
1460311131 159 103 74 95 130 67 26 53 46 41 33 25 12 14 6 1 3 2 0
1460311475 159 103 75 95 130 67 26 53 46 41 33 25 12 14 6 1 3 2 0
1460311590 160 103 75 95 130 67 26 53 46 41 33 25 12 14 6 1 3 2 0
1460311601 161 103 75 95 130 67 26 53 46 41 33 25 12 14 6 1 3 2 0
1460311728 162 103 75 95 130 67 26 53 46 41 33 25 12 14 6 1 3 2 0
1460312701 162 104 75 95 130 67 26 53 46 41 33 25 12 14 6 1 3 2 0
1460312908 162 105 75 95 130 67 26 53 46 41 33 25 12 14 6 1 3 2 0
1460315522 162 105 76 95 130 67 26 53 46 41 33 25 12 14 6 1 3 2 0
1460315527 162 105 77 95 130 67 26 53 46 41 33 25 12 14 6 1 3 2 0
1460315868 162 106 77 95 130 67 26 53 46 41 33 25 12 14 6 1 3 2 0
1460315937 162 107 77 95 130 67 26 53 46 41 33 25 12 14 6 1 3 2 0
1460316966 162 108 77 95 130 67 26 53 46 41 33 25 12 14 6 1 3 2 0
1460317850 162 108 77 95 130 67 27 53 46 41 33 25 12 14 6 1 3 2 0
1460318658 162 108 77 95 130 67 28 53 46 41 33 25 12 14 6 1 3 2 0
1460319231 163 108 77 95 130 67 28 53 46 41 33 25 12 14 6 1 3 2 0
1460319236 164 108 77 95 130 67 28 53 46 41 33 25 12 14 6 1 3 2 0
1460319466 165 108 77 95 130 67 28 53 46 41 33 25 12 14 6 1 3 2 0
1460319733 166 108 77 95 130 67 28 53 46 41 33 25 12 14 6 1 3 2 0
1460320203 166 108 77 95 130 67 29 53 46 41 33 25 12 14 6 1 3 2 0
1460320384 166 109 77 95 130 67 29 53 46 41 33 25 12 14 6 1 3 2 0
1460320434 166 110 77 95 130 67 29 53 46 41 33 25 12 14 6 1 3 2 0
1460320716 167 110 77 95 130 67 29 53 46 41 33 25 12 14 6 1 3 2 0
1460321484 167 110 78 95 130 67 29 53 46 41 33 25 12 14 6 1 3 2 0
1460321490 167 110 79 95 130 67 29 53 46 41 33 25 12 14 6 1 3 2 0
1460321865 167 111 79 95 130 67 29 53 46 41 33 25 12 14 6 1 3 2 0
1460321913 167 112 79 95 130 67 29 53 46 41 33 25 12 14 6 1 3 2 0
1460321929 167 113 79 95 130 67 29 53 46 41 33 25 12 14 6 1 3 2 0
1460323160 168 113 79 95 130 67 29 53 46 41 33 25 12 14 6 1 3 2 0
1460323342 168 114 79 95 130 67 29 53 46 41 33 25 12 14 6 1 3 2 0
1460324287 168 114 80 95 130 67 29 53 46 41 33 25 12 14 6 1 3 2 0
1460324354 168 114 81 95 130 67 29 53 46 41 33 25 12 14 6 1 3 2 0
1460324742 168 114 81 95 130 67 30 53 46 41 33 25 12 14 6 1 3 2 0
1460324850 168 114 81 95 130 67 31 53 46 41 33 25 12 14 6 1 3 2 0
1460324954 168 114 82 95 130 67 31 53 46 41 33 25 12 14 6 1 3 2 0
1460325235 169 114 82 95 130 67 31 53 46 41 33 25 12 14 6 1 3 2 0
1460325266 170 114 82 95 130 67 31 53 46 41 33 25 12 14 6 1 3 2 0
1460325317 171 114 82 95 130 67 31 53 46 41 33 25 12 14 6 1 3 2 0
1460325387 172 114 82 95 130 67 31 53 46 41 33 25 12 14 6 1 3 2 0
1460325836 172 114 83 95 130 67 31 53 46 41 33 25 12 14 6 1 3 2 0
1460325843 172 114 84 95 130 67 31 53 46 41 33 25 12 14 6 1 3 2 0
1460326252 173 114 84 95 130 67 31 53 46 41 33 25 12 14 6 1 3 2 0
1460326267 174 114 84 95 130 67 31 53 46 41 33 25 12 14 6 1 3 2 0
1460326832 174 115 84 95 130 67 31 53 46 41 33 25 12 14 6 1 3 2 0
1460326841 174 116 84 95 130 67 31 53 46 41 33 25 12 14 6 1 3 2 0
1460326976 174 116 84 95 130 67 32 53 46 41 33 25 12 14 6 1 3 2 0
1460327195 174 117 84 95 130 67 32 53 46 41 33 25 12 14 6 1 3 2 0
1460327204 174 118 84 95 130 67 32 53 46 41 33 25 12 14 6 1 3 2 0
1460328444 175 118 84 95 130 67 32 53 46 41 33 25 12 14 6 1 3 2 0
1460328463 176 118 84 95 130 67 32 53 46 41 33 25 12 14 6 1 3 2 0
1460328468 177 118 84 95 130 67 32 53 46 41 33 25 12 14 6 1 3 2 0
1460328799 177 118 85 95 130 67 32 53 46 41 33 25 12 14 6 1 3 2 0
1460328915 177 118 86 95 130 67 32 53 46 41 33 25 12 14 6 1 3 2 0
1460328920 177 118 87 95 130 67 32 53 46 41 33 25 12 14 6 1 3 2 0
1460337243 177 118 88 95 130 67 32 53 46 41 33 25 12 14 6 1 3 2 0
1460337449 177 118 89 95 130 67 32 53 46 41 33 25 12 14 6 1 3 2 0
1460369096 177 118 89 96 130 67 32 53 46 41 33 25 12 14 6 1 3 2 0
1460369109 177 118 89 96 130 67 32 53 46 41 33 25 13 14 6 1 3 2 0
1460369548 177 118 89 96 130 67 32 53 46 41 33 25 14 14 6 1 3 2 0
1460370926 177 118 89 97 130 67 32 53 46 41 33 25 14 14 6 1 3 2 0
1460370943 177 118 89 98 130 67 32 53 46 41 33 25 14 14 6 1 3 2 0
1460373531 177 118 89 99 130 67 32 53 46 41 33 25 14 14 6 1 3 2 0
1460373553 177 118 89 100 130 67 32 53 46 41 33 25 14 14 6 1 3 2 0
1460376233 178 118 89 100 130 67 32 53 46 41 33 25 14 14 6 1 3 2 0
1460377925 179 118 89 100 130 67 32 53 46 41 33 25 14 14 6 1 3 2 0
1460378860 180 118 89 100 130 67 32 53 46 41 33 25 14 14 6 1 3 2 0
1460379065 181 118 89 100 130 67 32 53 46 41 33 25 14 14 6 1 3 2 0
1460379393 182 118 89 100 130 67 32 53 46 41 33 25 14 14 6 1 3 2 0
1460379446 183 118 89 100 130 67 32 53 46 41 33 25 14 14 6 1 3 2 0
1460379888 184 118 89 100 130 67 32 53 46 41 33 25 14 14 6 1 3 2 0
1460380435 185 118 89 100 130 67 32 53 46 41 33 25 14 14 6 1 3 2 0
1460381664 185 119 89 100 130 67 32 53 46 41 33 25 14 14 6 1 3 2 0
1460381675 185 120 89 100 130 67 32 53 46 41 33 25 14 14 6 1 3 2 0
1460382801 186 120 89 100 130 67 32 53 46 41 33 25 14 14 6 1 3 2 0
1460383133 187 120 89 100 130 67 32 53 46 41 33 25 14 14 6 1 3 2 0
1460383868 188 120 89 100 130 67 32 53 46 41 33 25 14 14 6 1 3 2 0
1460387437 188 120 89 101 130 67 32 53 46 41 33 25 14 14 6 1 3 2 0
1460387513 188 121 89 101 130 67 32 53 46 41 33 25 14 14 6 1 3 2 0
1460390268 189 121 89 101 130 67 32 53 46 41 33 25 14 14 6 1 3 2 0
1460390338 190 121 89 101 130 67 32 53 46 41 33 25 14 14 6 1 3 2 0
1460390371 191 121 89 101 130 67 32 53 46 41 33 25 14 14 6 1 3 2 0
1460390386 192 121 89 101 130 67 32 53 46 41 33 25 14 14 6 1 3 2 0
1460390555 193 121 89 101 130 67 32 53 46 41 33 25 14 14 6 1 3 2 0
1460390896 194 121 89 101 130 67 32 53 46 41 33 25 14 14 6 1 3 2 0
1460391061 195 121 89 101 130 67 32 53 46 41 33 25 14 14 6 1 3 2 0
1460400763 196 121 89 101 130 67 32 53 46 41 33 25 14 14 6 1 3 2 0
1460400971 197 121 89 101 130 67 32 53 46 41 33 25 14 14 6 1 3 2 0
1460405761 199 121 89 101 130 67 32 53 46 41 33 25 14 14 6 1 3 2 0
1460407130 200 121 89 101 130 67 32 53 46 41 33 25 14 14 6 1 3 2 0
1460407203 201 121 89 101 130 67 32 53 46 41 33 25 14 14 6 1 3 2 0
1460408850 202 121 89 101 130 67 32 53 46 41 33 25 14 14 6 1 3 2 0
1460409161 203 121 89 101 130 67 32 53 46 41 33 25 14 14 6 1 3 2 0
1460411141 204 121 89 101 130 67 32 53 46 41 33 25 14 14 6 1 3 2 0
1460459999 205 121 89 101 130 67 32 53 46 41 33 25 14 14 6 1 3 2 0
1460460085 206 121 89 101 130 67 32 53 46 41 33 25 14 14 6 1 3 2 0
1460466586 207 121 89 101 130 67 32 53 46 41 33 25 14 14 6 1 3 2 0
1460466675 208 121 89 101 130 67 32 53 46 41 33 25 14 14 6 1 3 2 0
1460466743 209 121 89 101 130 67 32 53 46 41 33 25 14 14 6 1 3 2 0
1460468481 210 121 89 101 130 67 32 53 46 41 33 25 14 14 6 1 3 2 0
1460474493 211 121 89 101 130 67 32 53 46 41 33 25 14 14 6 1 3 2 0
1460474619 212 121 89 101 130 67 32 53 46 41 33 25 14 14 6 1 3 2 0
1460474757 213 121 89 101 130 67 32 53 46 41 33 25 14 14 6 1 3 2 0
1460474787 214 121 89 101 130 67 32 53 46 41 33 25 14 14 6 1 3 2 0
1460475322 215 121 89 101 130 67 32 53 46 41 33 25 14 14 6 1 3 2 0
1460477009 216 121 89 101 130 67 32 53 46 41 33 25 14 14 6 1 3 2 0
1460481307 216 122 89 101 130 67 32 53 46 41 33 25 14 14 6 1 3 2 0
1460483300 216 123 89 101 130 67 32 53 46 41 33 25 14 14 6 1 3 2 0
1460483334 216 124 89 101 130 67 32 53 46 41 33 25 14 14 6 1 3 2 0
1460483625 216 125 89 101 130 67 32 53 46 41 33 25 14 14 6 1 3 2 0
1460487324 216 126 89 101 130 67 32 53 46 41 33 25 14 14 6 1 3 2 0
1460504914 216 127 89 101 130 67 32 53 46 41 33 25 14 14 6 1 3 2 0
1460538283 216 127 89 101 130 67 32 53 46 41 33 25 14 14 6 1 3 2 1
1460541463 217 127 89 101 130 67 32 53 46 41 33 25 14 14 6 1 3 2 1
1460542304 217 127 89 101 130 67 32 53 46 41 33 26 14 14 6 1 3 2 1
1460542481 217 127 89 101 130 67 32 53 46 41 33 27 14 14 6 1 3 2 1
1460542714 218 127 89 101 130 67 32 53 46 41 33 27 14 14 6 1 3 2 1
1460542738 219 127 89 101 130 67 32 53 46 41 33 27 14 14 6 1 3 2 1
1460542801 220 127 89 101 130 67 32 53 46 41 33 27 14 14 6 1 3 2 1
1460542812 221 127 89 101 130 67 32 53 46 41 33 27 14 14 6 1 3 2 1
1460542959 222 127 89 101 130 67 32 53 46 41 33 27 14 14 6 1 3 2 1
1460544029 223 127 89 101 130 67 32 53 46 41 33 27 14 14 6 1 3 2 1
1460544367 223 127 89 102 130 67 32 53 46 41 33 27 14 14 6 1 3 2 1
1460544393 223 127 89 103 130 67 32 53 46 41 33 27 14 14 6 1 3 2 1
1460544794 223 127 89 104 130 67 32 53 46 41 33 27 14 14 6 1 3 2 1
1460545481 224 127 89 104 130 67 32 53 46 41 33 27 14 14 6 1 3 2 1
1460545808 225 127 89 104 130 67 32 53 46 41 33 27 14 14 6 1 3 2 1
1460546034 226 127 89 104 130 67 32 53 46 41 33 27 14 14 6 1 3 2 1
1460546367 226 127 89 105 130 67 32 53 46 41 33 27 14 14 6 1 3 2 1
1460546377 226 127 89 106 130 67 32 53 46 41 33 27 14 14 6 1 3 2 1
1460547989 226 127 89 106 130 67 32 53 46 41 33 27 14 14 7 1 3 2 1
1460551427 227 127 89 106 130 67 32 53 46 41 33 27 14 14 7 1 3 2 1
1460551458 228 127 89 106 130 67 32 53 46 41 33 27 14 14 7 1 3 2 1
1460552273 229 127 89 106 130 67 32 53 46 41 33 27 14 14 7 1 3 2 1
1460552286 230 127 89 106 130 67 32 53 46 41 33 27 14 14 7 1 3 2 1
1460562051 231 127 89 106 130 67 32 53 46 41 33 27 14 14 7 1 3 2 1
1460563446 231 127 90 106 130 67 32 53 46 41 33 27 14 14 7 1 3 2 1
1460563455 231 127 91 106 130 67 32 53 46 41 33 27 14 14 7 1 3 2 1
1460564690 231 127 92 106 130 67 32 53 46 41 33 27 14 14 7 1 3 2 1
1460565384 231 127 93 106 130 67 32 53 46 41 33 27 14 14 7 1 3 2 1
1460565396 231 127 94 106 130 67 32 53 46 41 33 27 14 14 7 1 3 2 1
1460567884 232 127 94 106 130 67 32 53 46 41 33 27 14 14 7 1 3 2 1
1460567946 233 127 94 106 130 67 32 53 46 41 33 27 14 14 7 1 3 2 1
1460568178 233 127 95 106 130 67 32 53 46 41 33 27 14 14 7 1 3 2 1
1460568310 234 127 95 106 130 67 32 53 46 41 33 27 14 14 7 1 3 2 1
1460571409 235 127 95 106 130 67 32 53 46 41 33 27 14 14 7 1 3 2 1
1460572202 236 127 95 106 130 67 32 53 46 41 33 27 14 14 7 1 3 2 1
1460572242 237 127 95 106 130 67 32 53 46 41 33 27 14 14 7 1 3 2 1
1460572246 237 127 95 107 130 67 32 53 46 41 33 27 14 14 7 1 3 2 1
1460572262 237 127 95 108 130 67 32 53 46 41 33 27 14 14 7 1 3 2 1
1460573976 237 127 96 108 130 67 32 53 46 41 33 27 14 14 7 1 3 2 1
1460573982 237 127 97 108 130 67 32 53 46 41 33 27 14 14 7 1 3 2 1
1460575796 237 127 98 108 130 67 32 53 46 41 33 27 14 14 7 1 3 2 1
1460579681 237 127 99 108 130 67 32 53 46 41 33 27 14 14 7 1 3 2 1
1460581348 237 127 100 108 130 67 32 53 46 41 33 27 14 14 7 1 3 2 1
1460581705 237 128 100 108 130 67 32 53 46 41 33 27 14 14 7 1 3 2 1
1460581713 237 129 100 108 130 67 32 53 46 41 33 27 14 14 7 1 3 2 1
1460583183 237 129 101 108 130 67 32 53 46 41 33 27 14 14 7 1 3 2 1
1460583193 237 129 102 108 130 67 32 53 46 41 33 27 14 14 7 1 3 2 1
1460583714 237 129 103 108 130 67 32 53 46 41 33 27 14 14 7 1 3 2 1
1460584595 237 129 104 108 130 67 32 53 46 41 33 27 14 14 7 1 3 2 1
1460584734 237 129 105 108 130 67 32 53 46 41 33 27 14 14 7 1 3 2 1
1460584764 237 129 105 108 130 67 33 53 46 41 33 27 14 14 7 1 3 2 1
1460584781 237 129 105 108 130 67 34 53 46 41 33 27 14 14 7 1 3 2 1
1460584873 237 129 105 108 130 67 35 53 46 41 33 27 14 14 7 1 3 2 1
1460619182 237 129 105 108 130 67 36 53 46 41 33 27 14 14 7 1 3 2 1
1460619342 237 129 106 108 130 67 36 53 46 41 33 27 14 14 7 1 3 2 1
1460619349 237 129 107 108 130 67 36 53 46 41 33 27 14 14 7 1 3 2 1
1460619350 237 129 107 108 130 67 36 53 46 41 33 27 15 14 7 1 3 2 1
1460619362 237 129 107 108 130 67 36 53 46 41 33 27 16 14 7 1 3 2 1
1460620738 237 130 107 108 130 67 36 53 46 41 33 27 16 14 7 1 3 2 1
1460621164 237 130 107 108 130 67 37 53 46 41 33 27 16 14 7 1 3 2 1
1460621250 237 130 107 108 130 67 38 53 46 41 33 27 16 14 7 1 3 2 1
1460623428 237 130 108 108 130 67 38 53 46 41 33 27 16 14 7 1 3 2 1
1460623467 238 130 108 108 130 67 38 53 46 41 33 27 16 14 7 1 3 2 1
1460623526 239 130 108 108 130 67 38 53 46 41 33 27 16 14 7 1 3 2 1
1460623533 240 130 108 108 130 67 38 53 46 41 33 27 16 14 7 1 3 2 1
1460626063 240 131 108 108 130 67 38 53 46 41 33 27 16 14 7 1 3 2 1
1460626125 240 132 108 108 130 67 38 53 46 41 33 27 16 14 7 1 3 2 1
1460628497 240 133 108 108 130 67 38 53 46 41 33 27 16 14 7 1 3 2 1
1460628741 240 134 108 108 130 67 38 53 46 41 33 27 16 14 7 1 3 2 1
1460630207 240 135 108 108 130 67 38 53 46 41 33 27 16 14 7 1 3 2 1
1460631400 240 136 108 108 130 67 38 53 46 41 33 27 16 14 7 1 3 2 1
1460631477 241 136 108 108 130 67 38 53 46 41 33 27 16 14 7 1 3 2 1
1460631488 242 136 108 108 130 67 38 53 46 41 33 27 16 14 7 1 3 2 1
1460631671 242 137 108 108 130 67 38 53 46 41 33 27 16 14 7 1 3 2 1
1460631679 242 138 108 108 130 67 38 53 46 41 33 27 16 14 7 1 3 2 1
1460635467 243 138 108 108 130 67 38 53 46 41 33 27 16 14 7 1 3 2 1
1460635857 244 138 108 108 130 67 38 53 46 41 33 27 16 14 7 1 3 2 1
1460636316 245 138 108 108 130 67 38 53 46 41 33 27 16 14 7 1 3 2 1
1460639092 245 139 108 108 130 67 38 53 46 41 33 27 16 14 7 1 3 2 1
1460721045 245 139 109 108 130 67 38 53 46 41 33 27 16 14 7 1 3 2 1
1460721051 245 139 110 108 130 67 38 53 46 41 33 27 16 14 7 1 3 2 1
1460737581 246 139 110 108 130 67 38 53 46 41 33 27 16 14 7 1 3 2 1
1460738968 246 140 110 108 130 67 38 53 46 41 33 27 16 14 7 1 3 2 1
1460910347 246 140 111 108 130 67 38 53 46 41 33 27 16 14 7 1 3 2 1
1460910352 246 140 112 108 130 67 38 53 46 41 33 27 16 14 7 1 3 2 1
1460927445 246 141 112 108 130 67 38 53 46 41 33 27 16 14 7 1 3 2 1
1460930094 246 142 112 108 130 67 38 53 46 41 33 27 16 14 7 1 3 2 1
1460933883 246 143 112 108 130 67 38 53 46 41 33 27 16 14 7 1 3 2 1
1460973518 246 143 112 108 130 67 38 53 46 41 33 27 16 14 7 1 3 2 2
1460975385 246 143 112 109 130 67 38 53 46 41 33 27 16 14 7 1 3 2 2
1460975541 246 143 112 110 130 67 38 53 46 41 33 27 16 14 7 1 3 2 2
1460975605 246 143 113 110 130 67 38 53 46 41 33 27 16 14 7 1 3 2 2
1460976038 246 143 114 110 130 67 38 53 46 41 33 27 16 14 7 1 3 2 2
1460978460 246 143 115 110 130 67 38 53 46 41 33 27 16 14 7 1 3 2 2
1460979938 246 144 115 110 130 67 38 53 46 41 33 27 16 14 7 1 3 2 2
1460980249 246 145 115 110 130 67 38 53 46 41 33 27 16 14 7 1 3 2 2
1460985468 246 145 115 111 130 67 38 53 46 41 33 27 16 14 7 1 3 2 2
1460986247 246 146 115 111 130 67 38 53 46 41 33 27 16 14 7 1 3 2 2
1460989700 246 147 115 111 130 67 38 53 46 41 33 27 16 14 7 1 3 2 2
1461007177 247 147 115 111 130 67 38 53 46 41 33 27 16 14 7 1 3 2 2
1461058519 247 148 115 111 130 67 38 53 46 41 33 27 16 14 7 1 3 2 2
1461060199 258 148 115 111 130 67 38 53 46 41 33 27 16 14 7 1 3 2 2
1461066303 259 148 115 111 130 67 38 53 46 41 33 27 16 14 7 1 3 2 2
1461066390 259 149 115 111 130 67 38 53 46 41 33 27 16 14 7 1 3 2 2
1461066633 259 150 115 111 130 67 38 53 46 41 33 27 16 14 7 1 3 2 2
1461066662 259 151 115 111 130 67 38 53 46 41 33 27 16 14 7 1 3 2 2
1461066696 260 151 115 111 130 67 38 53 46 41 33 27 16 14 7 1 3 2 2
1461066764 261 151 115 111 130 67 38 53 46 41 33 27 16 14 7 1 3 2 2
1461066914 262 151 115 111 130 67 38 53 46 41 33 27 16 14 7 1 3 2 2
1461066978 263 151 115 111 130 67 38 53 46 41 33 27 16 14 7 1 3 2 2
1461070167 263 151 115 112 130 67 38 53 46 41 33 27 16 14 7 1 3 2 2
1461071743 263 152 115 112 130 67 38 53 46 41 33 27 16 14 7 1 3 2 2
1461071783 263 153 115 112 130 67 38 53 46 41 33 27 16 14 7 1 3 2 2
1461072138 264 153 115 112 130 67 38 53 46 41 33 27 16 14 7 1 3 2 2
1461072227 265 153 115 112 130 67 38 53 46 41 33 27 16 14 7 1 3 2 2
1461074427 265 153 115 113 130 67 38 53 46 41 33 27 16 14 7 1 3 2 2
1461078655 266 153 115 113 130 67 38 53 46 41 33 27 16 14 7 1 3 2 2
1461411628 266 153 116 113 130 67 38 53 46 41 33 27 16 14 7 1 3 2 2
1461411641 266 153 117 113 130 67 38 53 46 41 33 27 16 14 7 1 3 2 2
1461424844 266 153 118 113 130 67 38 53 46 41 33 27 16 14 7 1 3 2 2
1461428479 266 153 119 113 130 67 38 53 46 41 33 27 16 14 7 1 3 2 2
1461451455 266 153 120 113 130 67 38 53 46 41 33 27 16 14 7 1 3 2 2
1461454305 266 153 121 113 130 67 38 53 46 41 33 27 16 14 7 1 3 2 2
1461498800 267 153 121 113 130 67 38 53 46 41 33 27 16 14 7 1 3 2 2
1461498839 268 153 121 113 130 67 38 53 46 41 33 27 16 14 7 1 3 2 2
1461499081 269 153 121 113 130 67 38 53 46 41 33 27 16 14 7 1 3 2 2
1461502633 269 153 122 113 130 67 38 53 46 41 33 27 16 14 7 1 3 2 2
1461502677 269 153 123 113 130 67 38 53 46 41 33 27 16 14 7 1 3 2 2
1461504535 269 153 124 113 130 67 38 53 46 41 33 27 16 14 7 1 3 2 2
1461506286 269 153 125 113 130 67 38 53 46 41 33 27 16 14 7 1 3 2 2
1461508108 269 153 126 113 130 67 38 53 46 41 33 27 16 14 7 1 3 2 2
1461509713 270 153 126 113 130 67 38 53 46 41 33 27 16 14 7 1 3 2 2
1461509724 271 153 126 113 130 67 38 53 46 41 33 27 16 14 7 1 3 2 2
1461509923 271 153 127 113 130 67 38 53 46 41 33 27 16 14 7 1 3 2 2
1461509971 271 153 128 113 130 67 38 53 46 41 33 27 16 14 7 1 3 2 2
1461510408 272 153 128 113 130 67 38 53 46 41 33 27 16 14 7 1 3 2 2
1461511138 272 153 129 113 130 67 38 53 46 41 33 27 16 14 7 1 3 2 2
1461511451 273 153 129 113 130 67 38 53 46 41 33 27 16 14 7 1 3 2 2
1461511455 274 153 129 113 130 67 38 53 46 41 33 27 16 14 7 1 3 2 2
1461512253 274 153 130 113 130 67 38 53 46 41 33 27 16 14 7 1 3 2 2
1461512257 274 153 131 113 130 67 38 53 46 41 33 27 16 14 7 1 3 2 2
1461513477 275 153 131 113 130 67 38 53 46 41 33 27 16 14 7 1 3 2 2
1461513488 276 153 131 113 130 67 38 53 46 41 33 27 16 14 7 1 3 2 2
1461526014 276 153 132 113 130 67 38 53 46 41 33 27 16 14 7 1 3 2 2
1461527427 276 153 133 113 130 67 38 53 46 41 33 27 16 14 7 1 3 2 2
1461529717 276 154 133 113 130 67 38 53 46 41 33 27 16 14 7 1 3 2 2
1461529743 276 155 133 113 130 67 38 53 46 41 33 27 16 14 7 1 3 2 2
1461529812 276 156 133 113 130 67 38 53 46 41 33 27 16 14 7 1 3 2 2
1461578539 276 156 133 114 130 67 38 53 46 41 33 27 16 14 7 1 3 2 2
1461580358 276 156 133 115 130 67 38 53 46 41 33 27 16 14 7 1 3 2 2
1461580505 277 156 133 115 130 67 38 53 46 41 33 27 16 14 7 1 3 2 2
1461580819 277 156 133 116 130 67 38 53 46 41 33 27 16 14 7 1 3 2 2
1461582605 277 156 133 117 130 67 38 53 46 41 33 27 16 14 7 1 3 2 2
1461593421 277 156 133 118 130 67 38 53 46 41 33 27 16 14 7 1 3 2 2
1461670521 277 156 133 119 130 67 38 53 46 41 33 27 16 14 7 1 3 2 2
1461671129 277 156 133 120 130 67 38 53 46 41 33 27 16 14 7 1 3 2 2
1461755913 277 156 133 120 130 67 38 53 46 41 33 27 16 14 7 2 3 2 2
1461755929 277 156 133 120 130 67 38 53 46 41 33 27 16 14 7 3 3 2 2
1461759468 277 156 133 121 130 67 38 53 46 41 33 27 16 14 7 3 3 2 2
1461762676 278 156 133 121 130 67 38 53 46 41 33 27 16 14 7 3 3 2 2
1461763274 278 157 133 121 130 67 38 53 46 41 33 27 16 14 7 3 3 2 2
1461763438 278 158 133 121 130 67 38 53 46 41 33 27 16 14 7 3 3 2 2
1461766274 278 158 133 121 130 67 39 53 46 41 33 27 16 14 7 3 3 2 2
1461783994 279 158 133 121 130 67 39 53 46 41 33 27 16 14 7 3 3 2 2
1461787923 279 158 134 121 130 67 39 53 46 41 33 27 16 14 7 3 3 2 2
1461791626 280 158 134 121 130 67 39 53 46 41 33 27 16 14 7 3 3 2 2
1461791636 281 158 134 121 130 67 39 53 46 41 33 27 16 14 7 3 3 2 2
1462100714 282 158 134 121 130 67 39 53 46 41 33 27 16 14 7 3 3 2 2
1462102339 283 158 134 121 130 67 39 53 46 41 33 27 16 14 7 3 3 2 2
1462111445 283 158 134 122 130 67 39 53 46 41 33 27 16 14 7 3 3 2 2
1462113149 283 158 135 122 130 67 39 53 46 41 33 27 16 14 7 3 3 2 2
1462113154 283 158 136 122 130 67 39 53 46 41 33 27 16 14 7 3 3 2 2
1462116944 284 158 136 122 130 67 39 53 46 41 33 27 16 14 7 3 3 2 2
1462116989 285 158 136 122 130 67 39 53 46 41 33 27 16 14 7 3 3 2 2
1462117157 286 158 136 122 130 67 39 53 46 41 33 27 16 14 7 3 3 2 2
1462117283 287 158 136 122 130 67 39 53 46 41 33 27 16 14 7 3 3 2 2
1462117292 288 158 136 122 130 67 39 53 46 41 33 27 16 14 7 3 3 2 2
1462177660 288 158 136 123 130 67 39 53 46 41 33 27 16 14 7 3 3 2 2
1462177695 288 158 136 124 130 67 39 53 46 41 33 27 16 14 7 3 3 2 2
1462279265 288 158 137 124 130 67 39 53 46 41 33 27 16 14 7 3 3 2 2
1462279841 288 158 137 125 130 67 39 53 46 41 33 27 16 14 7 3 3 2 2
1462280241 288 158 137 126 130 67 39 53 46 41 33 27 16 14 7 3 3 2 2
1462284312 288 158 138 126 130 67 39 53 46 41 33 27 16 14 7 3 3 2 2
1462284317 288 158 139 126 130 67 39 53 46 41 33 27 16 14 7 3 3 2 2
1462287677 288 158 140 126 130 67 39 53 46 41 33 27 16 14 7 3 3 2 2
1462290296 288 158 141 126 130 67 39 53 46 41 33 27 16 14 7 3 3 2 2
1462304332 288 158 141 126 130 67 40 53 46 41 33 27 16 14 7 3 3 2 2
1462304392 288 158 141 126 130 67 41 53 46 41 33 27 16 14 7 3 3 2 2
1462308551 288 158 141 126 130 67 42 53 46 41 33 27 16 14 7 3 3 2 2
1462308572 288 158 141 126 130 67 43 53 46 41 33 27 16 14 7 3 3 2 2
1462309603 288 158 142 126 130 67 43 53 46 41 33 27 16 14 7 3 3 2 2
1462309609 288 158 143 126 130 67 43 53 46 41 33 27 16 14 7 3 3 2 2
1462343617 288 158 144 126 130 67 43 53 46 41 33 27 16 14 7 3 3 2 2
1462344028 288 158 145 126 130 67 43 53 46 41 33 27 16 14 7 3 3 2 2
1462344728 288 158 146 126 130 67 43 53 46 41 33 27 16 14 7 3 3 2 2
1462363060 289 158 146 126 130 67 43 53 46 41 33 27 16 14 7 3 3 2 2
1462365698 289 158 146 127 130 67 43 53 46 41 33 27 16 14 7 3 3 2 2
1462365980 289 158 146 128 130 67 43 53 46 41 33 27 16 14 7 3 3 2 2
1462366380 289 158 146 128 130 67 44 53 46 41 33 27 16 14 7 3 3 2 2
1462375202 290 158 146 128 130 67 44 53 46 41 33 27 16 14 7 3 3 2 2
1462375272 291 158 146 128 130 67 44 53 46 41 33 27 16 14 7 3 3 2 2
1462375335 292 158 146 128 130 67 44 53 46 41 33 27 16 14 7 3 3 2 2
1462375708 293 158 146 128 130 67 44 53 46 41 33 27 16 14 7 3 3 2 2
1462375716 294 158 146 128 130 67 44 53 46 41 33 27 16 14 7 3 3 2 2
1462439347 294 158 146 129 130 67 44 53 46 41 33 27 16 14 7 3 3 2 2
1462439791 294 158 146 130 130 67 44 53 46 41 33 27 16 14 7 3 3 2 2
1462441479 295 158 146 130 130 67 44 53 46 41 33 27 16 14 7 3 3 2 2
1462441546 296 158 146 130 130 67 44 53 46 41 33 27 16 14 7 3 3 2 2
1462441724 296 158 146 131 130 67 44 53 46 41 33 27 16 14 7 3 3 2 2
1462442126 296 158 146 132 130 67 44 53 46 41 33 27 16 14 7 3 3 2 2
1462442886 296 158 146 133 130 67 44 53 46 41 33 27 16 14 7 3 3 2 2
1462445122 296 158 146 133 130 67 45 53 46 41 33 27 16 14 7 3 3 2 2
1462447075 296 158 146 134 130 67 45 53 46 41 33 27 16 14 7 3 3 2 2
1462453070 297 158 146 134 130 67 45 53 46 41 33 27 16 14 7 3 3 2 2
1462454027 298 158 146 134 130 67 45 53 46 41 33 27 16 14 7 3 3 2 2
1462454064 299 158 146 134 130 67 45 53 46 41 33 27 16 14 7 3 3 2 2
1462456276 300 158 146 134 130 67 45 53 46 41 33 27 16 14 7 3 3 2 2
1462456366 300 158 146 134 130 67 46 53 46 41 33 27 16 14 7 3 3 2 2
1462456374 300 158 146 134 130 67 47 53 46 41 33 27 16 14 7 3 3 2 2
1462456539 301 158 146 134 130 67 47 53 46 41 33 27 16 14 7 3 3 2 2
1462458763 301 158 146 135 130 67 47 53 46 41 33 27 16 14 7 3 3 2 2
1462461198 302 158 146 135 130 67 47 53 46 41 33 27 16 14 7 3 3 2 2
1462462519 302 158 146 136 130 67 47 53 46 41 33 27 16 14 7 3 3 2 2
1462463251 302 158 146 137 130 67 47 53 46 41 33 27 16 14 7 3 3 2 2
1462464063 302 158 146 138 130 67 47 53 46 41 33 27 16 14 7 3 3 2 2
1462464619 302 158 146 138 130 67 48 53 46 41 33 27 16 14 7 3 3 2 2
1462468650 303 158 146 138 130 67 48 53 46 41 33 27 16 14 7 3 3 2 2
1462468845 304 158 146 138 130 67 48 53 46 41 33 27 16 14 7 3 3 2 2
1462468878 305 158 146 138 130 67 48 53 46 41 33 27 16 14 7 3 3 2 2
1462468891 305 158 146 138 130 67 49 53 46 41 33 27 16 14 7 3 3 2 2
1462468910 305 158 146 138 130 67 50 53 46 41 33 27 16 14 7 3 3 2 2
1462470366 306 158 146 138 130 67 50 53 46 41 33 27 16 14 7 3 3 2 2
1462475776 306 158 146 138 130 67 51 53 46 41 33 27 16 14 7 3 3 2 2
1462480374 306 158 146 138 130 67 52 53 46 41 33 27 16 14 7 3 3 2 2
1462480527 307 158 146 138 130 67 52 53 46 41 33 27 16 14 7 3 3 2 2
1462480833 307 158 146 138 130 67 53 53 46 41 33 27 16 14 7 3 3 2 2
1462482043 307 158 146 138 130 67 54 53 46 41 33 27 16 14 7 3 3 2 2
1462482553 308 158 146 138 130 67 54 53 46 41 33 27 16 14 7 3 3 2 2
1462483341 308 158 146 138 130 67 55 53 46 41 33 27 16 14 7 3 3 2 2
1462483363 308 158 146 138 130 67 56 53 46 41 33 27 16 14 7 3 3 2 2
1462524034 308 158 147 138 130 67 56 53 46 41 33 27 16 14 7 3 3 2 2
1462524046 308 158 148 138 130 67 56 53 46 41 33 27 16 14 7 3 3 2 2
1462531355 308 158 148 138 130 67 57 53 46 41 33 27 16 14 7 3 3 2 2
1462531371 308 158 149 138 130 67 57 53 46 41 33 27 16 14 7 3 3 2 2
1462532312 308 158 149 139 130 67 57 53 46 41 33 27 16 14 7 3 3 2 2
1462533100 308 158 150 139 130 67 57 53 46 41 33 27 16 14 7 3 3 2 2
1462533105 308 158 151 139 130 67 57 53 46 41 33 27 16 14 7 3 3 2 2
1462533491 308 158 151 140 130 67 57 53 46 41 33 27 16 14 7 3 3 2 2
1462534058 308 158 152 140 130 67 57 53 46 41 33 27 16 14 7 3 3 2 2
1462535622 308 158 152 141 130 67 57 53 46 41 33 27 16 14 7 3 3 2 2
1462535639 308 158 152 142 130 67 57 53 46 41 33 27 16 14 7 3 3 2 2
1462536184 308 158 152 142 130 67 58 53 46 41 33 27 16 14 7 3 3 2 2
