1457084947 31
1457085982 46
1457086015 75
1457086096 51
1457086162 51
1457086948 51
1457087376 53
1457180471 118
1457181474 118
1457181912 129
1457183095 138
1457191695 220
1457194767 240
1457195547 249
1457266546 260
1457267510 257
1457268296 348
1457287591 433
1457287598 729
1457433615 644
1457433626 1561
1457433751 1561
1457434689 1580
1457435547 1581
1457435767 1581
1457436431 1416
1457436565 1416
1457436616 1416
1457436703 1459
1457438067 1531
1457438126 1543
1457438260 1548
1457438409 1548
1457441448 1673
1457441461 1672
1457441658 1683
1457442901 1697
1457442914 1695
1457443510 1696
1457443555 1704
1457443601 1702
1457443956 1712
1457445728 1726
1457446161 1723
1457446871 1730
1457447502 1741
1457448710 1883
1457448971 1928
1457449501 1947
1457467612 2041
1457517267 2066
1457523533 2147
1457524531 2152
1457525039 2218
1457526072 2218
1457526141 2218
1457527990 2207
1457528332 2210
1457532604 2254
1457532899 2290
1457533355 2295
1457535292 2326
1457535317 2343
1457535842 2357
1457535992 2384
1457536731 2385
1457536945 2385
1457537060 2385
1457537993 2388
1457538796 2420
1457538916 2447
1457539287 2433
1457603809 2432
1457604669 3103
1457604812 3123
1457604872 3092
1457605263 3098
1457605337 3120
1457605570 3153
1457605631 3153
1457607150 3189
1457623099 3369
1457624817 3377
1457624843 3521
1457628024 3577
1457629551 3597
1457632874 3634
1457692768 3645
1457692773 3870
1457692864 3870
1457693891 3873
1457693898 3881
1457696743 3891
1457696799 3870
1457699583 3912
1457702127 3943
1457702165 3973
1457702512 3975
1457702552 3975
1457703573 3981
1457703856 3994
1457788618 4126
1457791211 4170
1457791815 4237
1457792391 4251
1457795916 4245
1457795998 4232
1457797635 4222
1457799202 4219
1457874241 4228
1457874463 4338
1457874754 4360
1457875955 4363
1457880827 4320
1457881291 4318
1457881978 4327
1457882224 4341
1457884641 4332
1457887252 4344
1457887302 4378
1457887706 4379
1457893630 4386
1457893635 4390
1457894703 4385
1457895492 4385
1457898319 4394
1457898325 4405
1457898683 4409
1457900704 4426
1457900711 4432
1457901265 4437
1457902520 4442
1457902525 4487
1457902564 4487
1457903024 4491
1457903044 4491
1457905211 4489
1457905216 4499
1457905509 4499
1457907151 4501
1457907155 4830
1457907295 4830
1457952983 4859
1457955490 4884
1457959798 4883
1457959927 4961
1457960075 4965
1457960116 4965
1457960965 4966
1457967250 4974
1457967255 5152
1457970606 5155
1457973635 5157
1457973640 5320
1457977374 5321
1457977472 5307
1457979983 5308
1457979992 5367
1457982189 5402
1457982197 5407
1457989854 5439
1457990031 5441
1457990035 5482
1457991508 5482
1457991516 5500
1457992478 5515
1457992865 5514
1457994885 5555
1457994902 5791
1458036473 5790
1458036506 5820
1458038082 5824
1458137394 5825
1458140897 7342
1459934484 12762
1459935296 12856
1459936040 12865
1459947224 12873
1459951114 13483
1459953193 13484
1459953216 13501
1459954381 13516
1459955079 13610
1460026146 13614
1460026158 13642
1460026775 13642
1460106155 14097
1460115902 14067
1460116715 14072
1460142825 14101
1460143345 14226
1460147197 14245
1460148944 14243
1460316966 16791
1460320384 16816
1460320434 16813
1460321865 16813
1460321913 16813
1460321929 16836
1460323342 16836
1460326832 16836
1460326841 16882
1460328799 16939
1460328915 16939
1460328920 16943
1460337243 17015
1460337449 17009
1460563446 17009
1460563455 15804
1460565384 15812
1460565396 15813
1460568178 15815
1460573976 15869
1460573982 15903
1460575796 15927
1460584764 15933
1460584781 15977
1460584873 15977
1460623467 15977
1460623526 15977
1460623533 15990
1460721045 15999
1460721051 16015
1460910347 15958
1460910352 15959
1460973518 15999
1460979938 16049
1460980249 16039
1460986247 16058
1460989700 16142
1461007177 16143
1461058519 16164
1461066390 16169
1461066633 16162
1461066662 16162
1461066978 16284
1461072138 16306
1461072227 16360
1461078655 16373
1461755913 16373
1461755929 16725
1461762676 16726
1461783994 17203
1461791626 17255
1461791636 17415
1462100714 17415
1462102339 17438
1462116944 17514
1462116989 17514
1462117157 17548
1462117283 17672
1462117292 17818
1462279265 17949
1462284312 18002
1462284317 18357
1462287677 18386
1462290296 18393
1462309603 18438
1462309609 18541
1462343617 18558
1462344028 18581
1462344728 18583
1462363060 18605
1462375202 18614
1462375272 18615
1462375335 18758
1462375708 18781
1462375716 18794
1462441479 18776
1462441546 18803
1462442126 18893
1462442886 18893
1462524034 18893
1462524046 19376
1462531371 19379
1462533100 19364
1462533105 19402
1462533491 19403
1462535622 19487
1462535639 19488
1462536184 19486
